1.000000e+00 8.137513e-10 -7.656116e-10 -2.139042e-10 8.137513e-10 1.000000e+00 6.754230e-11 4.506439e-09 -7.656116e-10 6.754230e-11 1.000000e+00 2.697696e-08
9.999998e-01 -5.366526e-04 -4.073905e-04 6.738538e-04 5.371175e-04 9.999993e-01 1.137980e-03 -2.427095e-02 4.067779e-04 -1.138199e-03 9.999994e-01 1.310783e+00
9.999982e-01 -1.909945e-03 -1.649171e-04 -1.044678e-02 1.910217e-03 9.999969e-01 1.654690e-03 -4.476534e-02 1.617546e-04 -1.655002e-03 9.999987e-01 2.616548e+00
9.999955e-01 -2.950941e-03 -4.467672e-04 -1.636054e-02 2.951459e-03 9.999950e-01 1.158911e-03 -7.571100e-02 4.433436e-04 -1.160225e-03 9.999993e-01 3.927598e+00
9.999950e-01 -3.159229e-03 -2.129310e-05 -2.072768e-02 3.159258e-03 9.999940e-01 1.449217e-03 -9.167058e-02 1.671303e-05 -1.449277e-03 9.999990e-01 5.246813e+00
9.999938e-01 -3.529020e-03 -1.714841e-04 -3.450869e-02 3.529340e-03 9.999920e-01 1.892556e-03 -1.104413e-01 1.648024e-04 -1.893150e-03 9.999983e-01 6.580032e+00
9.999893e-01 -4.610430e-03 -3.228786e-04 -4.297095e-02 4.611460e-03 9.999841e-01 3.261013e-03 -1.362333e-01 3.078372e-04 -3.262467e-03 9.999947e-01 7.908453e+00
9.999869e-01 -5.115106e-03 -8.352546e-05 -4.146485e-02 5.115407e-03 9.999786e-01 4.095838e-03 -1.624577e-01 6.257148e-05 -4.096212e-03 9.999917e-01 9.219774e+00
9.999912e-01 -4.176744e-03 -3.864991e-04 -5.922697e-02 4.177980e-03 9.999861e-01 3.248230e-03 -1.928241e-01 3.729251e-04 -3.249816e-03 9.999947e-01 1.054241e+01
9.999983e-01 -1.828184e-03 -1.133543e-05 -6.592878e-02 1.828201e-03 9.999973e-01 1.508023e-03 -2.126325e-01 8.576927e-06 -1.508041e-03 9.999989e-01 1.186872e+01
9.999990e-01 1.425819e-03 6.431057e-05 -8.222744e-02 -1.425844e-03 9.999990e-01 4.213688e-04 -2.364544e-01 -6.371124e-05 -4.214599e-04 1.000000e+00 1.321708e+01
9.999930e-01 3.751550e-03 -2.897072e-06 -9.460708e-02 -3.751546e-03 9.999929e-01 4.752252e-04 -2.564673e-01 4.678351e-06 -4.752109e-04 1.000000e+00 1.455792e+01
9.999922e-01 3.896832e-03 6.492625e-04 -1.025769e-01 -3.897644e-03 9.999917e-01 1.257965e-03 -2.833105e-01 -6.443565e-04 -1.260486e-03 9.999991e-01 1.590072e+01
9.999970e-01 2.380058e-03 5.791437e-04 -1.123165e-01 -2.382170e-03 9.999905e-01 3.676830e-03 -3.018157e-01 -5.703886e-04 -3.678199e-03 9.999932e-01 1.725655e+01
9.999987e-01 -1.300662e-03 9.164762e-04 -1.096779e-01 1.295123e-03 9.999811e-01 6.020152e-03 -3.307922e-01 -9.242906e-04 -6.018958e-03 9.999815e-01 1.860338e+01
9.999906e-01 -4.272166e-03 6.729723e-04 -1.157556e-01 4.268592e-03 9.999773e-01 5.228630e-03 -3.697156e-01 -6.952960e-04 -5.225708e-03 9.999862e-01 1.995250e+01
9.999894e-01 -4.560362e-03 6.870130e-04 -1.145296e-01 4.558992e-03 9.999877e-01 1.984202e-03 -3.750512e-01 -6.960547e-04 -1.981048e-03 9.999979e-01 2.129698e+01
9.999953e-01 -2.983271e-03 6.771978e-04 -1.284710e-01 2.982705e-03 9.999953e-01 8.381004e-04 -4.075221e-01 -6.796964e-04 -8.360765e-04 9.999995e-01 2.265918e+01
9.999989e-01 -3.697561e-04 1.456832e-03 -1.355349e-01 3.660267e-04 9.999967e-01 2.560525e-03 -4.106835e-01 -1.457776e-03 -2.559988e-03 9.999957e-01 2.402100e+01
9.999968e-01 3.540510e-04 2.505705e-03 -1.399163e-01 -3.692875e-04 9.999815e-01 6.083539e-03 -4.276176e-01 -2.503506e-03 -6.084444e-03 9.999784e-01 2.539410e+01
9.999945e-01 -2.137337e-03 2.529413e-03 -1.553142e-01 2.118565e-03 9.999704e-01 7.401850e-03 -4.541567e-01 -2.545160e-03 -7.396450e-03 9.999695e-01 2.676945e+01
9.999836e-01 -4.963571e-03 2.860327e-03 -1.534404e-01 4.941760e-03 9.999591e-01 7.583358e-03 -4.863946e-01 -2.897852e-03 -7.569098e-03 9.999672e-01 2.813982e+01
9.999794e-01 -5.850549e-03 2.657287e-03 -1.604933e-01 5.839101e-03 9.999738e-01 4.295990e-03 -4.906343e-01 -2.682353e-03 -4.280385e-03 9.999873e-01 2.949344e+01
9.999751e-01 -6.202495e-03 3.373816e-03 -1.614274e-01 6.195882e-03 9.999789e-01 1.967629e-03 -5.159309e-01 -3.385950e-03 -1.946676e-03 9.999925e-01 3.085837e+01
9.999849e-01 -3.898854e-03 3.878675e-03 -1.800304e-01 3.895885e-03 9.999922e-01 7.732593e-04 -5.233696e-01 -3.881661e-03 -7.581366e-04 9.999923e-01 3.222792e+01
9.999867e-01 -2.573879e-03 4.460292e-03 -1.876666e-01 2.575679e-03 9.999967e-01 -3.973453e-04 -5.530648e-01 -4.459255e-03 4.088284e-04 9.999901e-01 3.361265e+01
9.999852e-01 -2.049146e-03 5.033451e-03 -1.892104e-01 2.052604e-03 9.999977e-01 -6.816123e-04 -5.749594e-01 -5.032044e-03 6.919341e-04 9.999872e-01 3.500712e+01
9.999868e-01 -2.636937e-03 4.408978e-03 -1.923375e-01 2.633246e-03 9.999962e-01 8.430605e-04 -6.021539e-01 -4.411186e-03 -8.314393e-04 9.999900e-01 3.639980e+01
9.999899e-01 -1.182298e-03 4.342357e-03 -1.947573e-01 1.171643e-03 9.999964e-01 2.455892e-03 -6.281152e-01 -4.345246e-03 -2.450779e-03 9.999876e-01 3.780255e+01
9.999917e-01 9.469196e-04 3.967640e-03 -2.085191e-01 -9.581455e-04 9.999956e-01 2.828831e-03 -6.545184e-01 -3.964945e-03 -2.832609e-03 9.999882e-01 3.919580e+01
9.999847e-01 3.553219e-03 4.241844e-03 -2.224915e-01 -3.564878e-03 9.999899e-01 2.744655e-03 -6.761233e-01 -4.232051e-03 -2.759735e-03 9.999873e-01 4.058279e+01
9.999728e-01 5.472883e-03 4.951090e-03 -2.385025e-01 -5.487375e-03 9.999807e-01 2.918467e-03 -6.948812e-01 -4.935023e-03 -2.945556e-03 9.999836e-01 4.197722e+01
9.999692e-01 6.569875e-03 4.301957e-03 -2.620947e-01 -6.583966e-03 9.999730e-01 3.270100e-03 -7.167063e-01 -4.280358e-03 -3.298323e-03 9.999855e-01 4.337807e+01
9.999733e-01 5.896559e-03 4.313156e-03 -2.670075e-01 -5.911762e-03 9.999764e-01 3.521104e-03 -7.424472e-01 -4.292293e-03 -3.546508e-03 9.999846e-01 4.479240e+01
9.999834e-01 4.623627e-03 3.449539e-03 -2.717950e-01 -4.632716e-03 9.999859e-01 2.631971e-03 -7.660850e-01 -3.437323e-03 -2.647908e-03 9.999907e-01 4.619488e+01
9.999892e-01 3.856715e-03 2.603923e-03 -2.778284e-01 -3.863789e-03 9.999889e-01 2.717883e-03 -7.856449e-01 -2.593413e-03 -2.727915e-03 9.999930e-01 4.761261e+01
9.999909e-01 4.078013e-03 1.257366e-03 -2.929230e-01 -4.082824e-03 9.999843e-01 3.849035e-03 -8.057948e-01 -1.241652e-03 -3.854134e-03 9.999919e-01 4.903584e+01
9.999885e-01 4.792652e-03 3.391270e-04 -2.973170e-01 -4.794098e-03 9.999789e-01 4.407024e-03 -8.339213e-01 -3.180000e-04 -4.408599e-03 9.999903e-01 5.044984e+01
9.999865e-01 5.162887e-03 -5.419506e-04 -3.098077e-01 -5.160278e-03 9.999757e-01 4.707315e-03 -8.551792e-01 5.662392e-04 -4.704455e-03 9.999889e-01 5.187476e+01
9.999865e-01 4.907425e-03 -1.679294e-03 -3.297659e-01 -4.897859e-03 9.999721e-01 5.652420e-03 -8.683460e-01 1.706985e-03 -5.644119e-03 9.999827e-01 5.328800e+01
9.999911e-01 3.505510e-03 -2.348907e-03 -3.369310e-01 -3.489663e-03 9.999714e-01 6.716471e-03 -8.909317e-01 2.372383e-03 -6.708214e-03 9.999748e-01 5.472315e+01
9.999929e-01 2.347451e-03 -2.941026e-03 -3.450826e-01 -2.327079e-03 9.999735e-01 6.910746e-03 -9.129408e-01 2.957169e-03 -6.903853e-03 9.999719e-01 5.614394e+01
9.999931e-01 5.181419e-04 -3.682526e-03 -3.523557e-01 -4.949557e-04 9.999801e-01 6.293966e-03 -9.354846e-01 3.685713e-03 -6.292099e-03 9.999735e-01 5.756217e+01
9.999921e-01 -1.251276e-03 -3.781502e-03 -3.600851e-01 1.275935e-03 9.999780e-01 6.525353e-03 -9.519691e-01 3.773251e-03 -6.530126e-03 9.999716e-01 5.899833e+01
9.999919e-01 -2.193825e-03 -3.378496e-03 -3.727365e-01 2.218984e-03 9.999698e-01 7.460541e-03 -9.721550e-01 3.362025e-03 -7.467977e-03 9.999665e-01 6.043003e+01
9.999895e-01 -3.435588e-03 -3.041991e-03 -3.843427e-01 3.461109e-03 9.999586e-01 8.423782e-03 -9.955650e-01 3.012923e-03 -8.434222e-03 9.999600e-01 6.185379e+01
9.999822e-01 -5.315684e-03 -2.702291e-03 -3.949288e-01 5.337259e-03 9.999535e-01 8.039960e-03 -1.023461e+00 2.659426e-03 -8.054240e-03 9.999641e-01 6.328435e+01
9.999770e-01 -6.438261e-03 -2.151904e-03 -4.064174e-01 6.454183e-03 9.999513e-01 7.475093e-03 -1.038768e+00 2.103671e-03 -7.488809e-03 9.999698e-01 6.470549e+01
9.999773e-01 -6.593667e-03 -1.408255e-03 -4.173208e-01 6.604003e-03 9.999504e-01 7.464479e-03 -1.053773e+00 1.358965e-03 -7.473610e-03 9.999712e-01 6.611546e+01
9.999921e-01 -3.816906e-03 -1.075083e-03 -4.244734e-01 3.824773e-03 9.999653e-01 7.411626e-03 -1.072778e+00 1.046755e-03 -7.415679e-03 9.999720e-01 6.752859e+01
9.999974e-01 -2.246744e-03 -2.589253e-04 -4.405060e-01 2.248780e-03 9.999644e-01 8.144099e-03 -1.092542e+00 2.406168e-04 -8.144661e-03 9.999669e-01 6.894763e+01
9.999999e-01 4.369785e-04 2.518686e-04 -4.557982e-01 -4.393531e-04 9.999547e-01 9.513024e-03 -1.107372e+00 -2.477017e-04 -9.513133e-03 9.999548e-01 7.037393e+01
9.999915e-01 3.994903e-03 1.023848e-03 -4.688457e-01 -4.005582e-03 9.999353e-01 1.065089e-02 -1.125238e+00 -9.812340e-04 -1.065490e-02 9.999428e-01 7.178586e+01
9.999667e-01 8.037892e-03 1.420907e-03 -4.834790e-01 -8.052349e-03 9.999127e-01 1.048081e-02 -1.146218e+00 -1.336541e-03 -1.049190e-02 9.999441e-01 7.318861e+01
9.999347e-01 1.122346e-02 2.140322e-03 -4.920153e-01 -1.124378e-02 9.998895e-01 9.732671e-03 -1.162396e+00 -2.030853e-03 -9.756101e-03 9.999504e-01 7.458264e+01
9.999225e-01 1.208274e-02 2.993011e-03 -5.048419e-01 -1.211220e-02 9.998764e-01 1.002886e-02 -1.171931e+00 -2.871466e-03 -1.006433e-02 9.999453e-01 7.597061e+01
9.999092e-01 1.307007e-02 3.284554e-03 -5.152108e-01 -1.310258e-02 9.998634e-01 1.008157e-02 -1.196281e+00 -3.152340e-03 -1.012369e-02 9.999439e-01 7.735458e+01
9.999316e-01 1.119980e-02 3.362233e-03 -5.163083e-01 -1.123362e-02 9.998848e-01 1.021355e-02 -1.211970e+00 -3.247457e-03 -1.025063e-02 9.999423e-01 7.874286e+01
9.999214e-01 1.217856e-02 2.975322e-03 -5.200050e-01 -1.220507e-02 9.998845e-01 9.062583e-03 -1.234572e+00 -2.864611e-03 -9.098185e-03 9.999546e-01 8.013804e+01
9.999307e-01 1.143034e-02 2.818425e-03 -5.247202e-01 -1.145670e-02 9.998891e-01 9.519802e-03 -1.252297e+00 -2.709300e-03 -9.551432e-03 9.999508e-01 8.153096e+01
9.999421e-01 1.045516e-02 2.544211e-03 -5.281010e-01 -1.047932e-02 9.998983e-01 9.677350e-03 -1.267809e+00 -2.442775e-03 -9.703451e-03 9.999500e-01 8.293264e+01
9.999463e-01 1.018120e-02 1.935688e-03 -5.391313e-01 -1.019919e-02 9.999027e-01 9.523552e-03 -1.290362e+00 -1.838539e-03 -9.542783e-03 9.999529e-01 8.432563e+01
9.999494e-01 9.999615e-03 1.109455e-03 -5.471830e-01 -1.001014e-02 9.999007e-01 9.927434e-03 -1.299541e+00 -1.010076e-03 -9.938038e-03 9.999502e-01 8.567744e+01
9.999546e-01 9.529787e-03 7.065394e-05 -5.587479e-01 -9.529998e-03 9.998983e-01 1.061145e-02 -1.316088e+00 3.047653e-05 -1.061164e-02 9.999438e-01 8.701290e+01
9.999639e-01 8.412955e-03 -1.178033e-03 -5.671687e-01 -8.398719e-03 9.998974e-01 1.160703e-02 -1.333630e+00 1.275560e-03 -1.159671e-02 9.999320e-01 8.833749e+01
9.999757e-01 6.568779e-03 -2.349517e-03 -5.759035e-01 -6.540106e-03 9.999066e-01 1.200956e-02 -1.347061e+00 2.428184e-03 -1.199390e-02 9.999252e-01 8.966996e+01
9.999803e-01 5.342654e-03 -3.298613e-03 -5.845397e-01 -5.302359e-03 9.999127e-01 1.210542e-02 -1.361900e+00 3.362998e-03 -1.208769e-02 9.999214e-01 9.101402e+01
9.999807e-01 4.954875e-03 -3.759424e-03 -5.977262e-01 -4.909582e-03 9.999165e-01 1.196238e-02 -1.377136e+00 3.818381e-03 -1.194369e-02 9.999215e-01 9.237970e+01
9.999829e-01 4.325201e-03 -3.930852e-03 -6.106648e-01 -4.279267e-03 9.999234e-01 1.161928e-02 -1.394199e+00 3.980805e-03 -1.160226e-02 9.999248e-01 9.376096e+01
9.999830e-01 4.274118e-03 -3.975619e-03 -6.261061e-01 -4.230529e-03 9.999316e-01 1.090818e-02 -1.407253e+00 4.021968e-03 -1.089118e-02 9.999327e-01 9.514840e+01
9.999817e-01 4.480668e-03 -4.066248e-03 -6.414420e-01 -4.437253e-03 9.999338e-01 1.062338e-02 -1.421183e+00 4.113577e-03 -1.060514e-02 9.999354e-01 9.652716e+01
9.999787e-01 5.184173e-03 -3.966180e-03 -6.562679e-01 -5.143946e-03 9.999360e-01 1.008583e-02 -1.442340e+00 4.018211e-03 -1.006521e-02 9.999414e-01 9.788807e+01
9.999715e-01 6.701233e-03 -3.478315e-03 -6.714236e-01 -6.666790e-03 9.999296e-01 9.820474e-03 -1.455543e+00 3.543878e-03 -9.797005e-03 9.999458e-01 9.923776e+01
9.999673e-01 7.343996e-03 -3.390714e-03 -6.868453e-01 -7.307087e-03 9.999153e-01 1.077182e-02 -1.473596e+00 3.469533e-03 -1.074669e-02 9.999363e-01 1.006012e+02
9.999623e-01 7.992404e-03 -3.400567e-03 -7.018808e-01 -7.950600e-03 9.998948e-01 1.213353e-02 -1.486394e+00 3.497184e-03 -1.210603e-02 9.999207e-01 1.019459e+02
9.999650e-01 7.694098e-03 -3.279196e-03 -7.151707e-01 -7.656578e-03 9.999069e-01 1.130411e-02 -1.509217e+00 3.365864e-03 -1.127861e-02 9.999308e-01 1.032820e+02
9.999648e-01 7.809582e-03 -3.074930e-03 -7.302910e-01 -7.780517e-03 9.999261e-01 9.352962e-03 -1.523744e+00 3.147744e-03 -9.328708e-03 9.999516e-01 1.046236e+02
9.999620e-01 8.121893e-03 -3.176497e-03 -7.434889e-01 -8.096141e-03 9.999350e-01 8.037140e-03 -1.532938e+00 3.241565e-03 -8.011117e-03 9.999627e-01 1.059498e+02
9.999755e-01 6.265130e-03 -3.106461e-03 -7.560345e-01 -6.235882e-03 9.999370e-01 9.336565e-03 -1.546311e+00 3.164759e-03 -9.316965e-03 9.999517e-01 1.072480e+02
9.999903e-01 3.536564e-03 -2.622119e-03 -7.631040e-01 -3.506310e-03 9.999283e-01 1.145370e-02 -1.561338e+00 2.662436e-03 -1.144440e-02 9.999310e-01 1.085467e+02
9.999976e-01 1.388558e-03 -1.720669e-03 -7.724741e-01 -1.366967e-03 9.999212e-01 1.248559e-02 -1.584418e+00 1.737869e-03 -1.248321e-02 9.999207e-01 1.098517e+02
9.999992e-01 5.556076e-04 -1.134947e-03 -7.810374e-01 -5.422100e-04 9.999306e-01 1.176962e-02 -1.601887e+00 1.141406e-03 -1.176899e-02 9.999302e-01 1.111629e+02
9.999979e-01 1.982683e-03 -4.373594e-04 -7.904328e-01 -1.978313e-03 9.999504e-01 9.772221e-03 -1.614250e+00 4.567113e-04 -9.771336e-03 9.999522e-01 1.124671e+02
9.999897e-01 4.500961e-03 5.455011e-04 -8.002730e-01 -4.505061e-03 9.999598e-01 7.766603e-03 -1.630328e+00 -5.105235e-04 -7.768980e-03 9.999698e-01 1.138025e+02
9.999720e-01 7.161675e-03 2.176587e-03 -8.123524e-01 -7.177200e-03 9.999483e-01 7.211383e-03 -1.642456e+00 -2.124830e-03 -7.226803e-03 9.999717e-01 1.151291e+02
9.999543e-01 8.834475e-03 3.640250e-03 -8.226569e-01 -8.865654e-03 9.999234e-01 8.640225e-03 -1.652833e+00 -3.563641e-03 -8.672104e-03 9.999561e-01 1.164684e+02
9.999518e-01 8.592424e-03 4.754978e-03 -8.261492e-01 -8.644736e-03 9.999012e-01 1.109294e-02 -1.670091e+00 -4.659194e-03 -1.113351e-02 9.999272e-01 1.177945e+02
9.999611e-01 7.014970e-03 5.343630e-03 -8.268887e-01 -7.079077e-03 9.999021e-01 1.207426e-02 -1.697750e+00 -5.258408e-03 -1.211162e-02 9.999129e-01 1.191253e+02
9.999557e-01 6.980022e-03 6.311051e-03 -8.266526e-01 -7.055613e-03 9.999027e-01 1.203603e-02 -1.711072e+00 -6.226426e-03 -1.208002e-02 9.999077e-01 1.204429e+02
9.999407e-01 7.896247e-03 7.503096e-03 -8.299287e-01 -7.984697e-03 9.998982e-01 1.183282e-02 -1.718559e+00 -7.408898e-03 -1.189203e-02 9.999019e-01 1.217525e+02
9.999167e-01 9.655035e-03 8.569560e-03 -8.317798e-01 -9.753533e-03 9.998860e-01 1.152775e-02 -1.729362e+00 -8.457284e-03 -1.161038e-02 9.998969e-01 1.230843e+02
9.998955e-01 1.051515e-02 9.917269e-03 -8.318827e-01 -1.061890e-02 9.998889e-01 1.046830e-02 -1.741998e+00 -9.806092e-03 -1.057251e-02 9.998961e-01 1.244139e+02
9.998688e-01 1.201882e-02 1.085811e-02 -8.314356e-01 -1.212741e-02 9.998766e-01 9.991300e-03 -1.752268e+00 -1.073669e-02 -1.012167e-02 9.998912e-01 1.257629e+02
9.998788e-01 1.020754e-02 1.175705e-02 -8.266337e-01 -1.032627e-02 9.998959e-01 1.008232e-02 -1.767843e+00 -1.165291e-02 -1.020250e-02 9.998801e-01 1.271106e+02
9.998632e-01 1.060068e-02 1.269355e-02 -8.198550e-01 -1.074032e-02 9.998821e-01 1.098412e-02 -1.777689e+00 -1.257561e-02 -1.111895e-02 9.998592e-01 1.284545e+02
9.998686e-01 9.079479e-03 1.342609e-02 -8.105727e-01 -9.237632e-03 9.998882e-01 1.176491e-02 -1.794658e+00 -1.331777e-02 -1.188739e-02 9.998407e-01 1.298038e+02
9.998703e-01 8.391031e-03 1.374837e-02 -8.033144e-01 -8.560912e-03 9.998872e-01 1.234460e-02 -1.806797e+00 -1.364323e-02 -1.246070e-02 9.998294e-01 1.311373e+02
9.998809e-01 7.102199e-03 1.370019e-02 -7.906464e-01 -7.277571e-03 9.998917e-01 1.279369e-02 -1.818893e+00 -1.360784e-02 -1.289187e-02 9.998244e-01 1.324843e+02
9.998955e-01 5.215523e-03 1.348152e-02 -7.798400e-01 -5.397154e-03 9.998947e-01 1.347164e-02 -1.828443e+00 -1.340984e-02 -1.354299e-02 9.998184e-01 1.338407e+02
9.999089e-01 4.014671e-03 1.288896e-02 -7.711169e-01 -4.187924e-03 9.999009e-01 1.344339e-02 -1.842265e+00 -1.283371e-02 -1.349615e-02 9.998266e-01 1.351901e+02
9.999208e-01 3.697967e-03 1.203041e-02 -7.627090e-01 -3.854179e-03 9.999083e-01 1.298776e-02 -1.853940e+00 -1.198128e-02 -1.303310e-02 9.998434e-01 1.365370e+02
9.999413e-01 2.244987e-03 1.059667e-02 -7.570611e-01 -2.391831e-03 9.999011e-01 1.386542e-02 -1.853510e+00 -1.056450e-02 -1.388995e-02 9.998478e-01 1.378732e+02
9.999557e-01 9.886194e-04 9.355102e-03 -7.478416e-01 -1.126825e-03 9.998902e-01 1.477978e-02 -1.868337e+00 -9.339464e-03 -1.478967e-02 9.998471e-01 1.392017e+02
9.999667e-01 3.398847e-04 8.153132e-03 -7.442602e-01 -4.588797e-04 9.998934e-01 1.459777e-02 -1.882090e+00 -8.147303e-03 -1.460103e-02 9.998603e-01 1.405255e+02
9.999761e-01 4.832078e-04 6.893183e-03 -7.419731e-01 -5.823826e-04 9.998963e-01 1.439286e-02 -1.886175e+00 -6.885514e-03 -1.439654e-02 9.998727e-01 1.418557e+02
9.999830e-01 -1.440239e-04 5.826979e-03 -7.402670e-01 6.376546e-05 9.999052e-01 1.377172e-02 -1.892686e+00 -5.828411e-03 -1.377112e-02 9.998883e-01 1.431956e+02
9.999877e-01 -1.528218e-03 4.716859e-03 -7.408330e-01 1.472788e-03 9.999301e-01 1.173293e-02 -1.906180e+00 -4.734461e-03 -1.172584e-02 9.999201e-01 1.445277e+02
9.999798e-01 -5.123692e-03 3.771752e-03 -7.393677e-01 5.082948e-03 9.999295e-01 1.073433e-02 -1.918901e+00 -3.826487e-03 -1.071494e-02 9.999354e-01 1.458771e+02
9.999270e-01 -1.179420e-02 2.619528e-03 -7.321360e-01 1.175978e-02 9.998491e-01 1.278848e-02 -1.922981e+00 -2.769964e-03 -1.275674e-02 9.999149e-01 1.472285e+02
9.998166e-01 -1.912860e-02 9.381593e-04 -7.233544e-01 1.911281e-02 9.997101e-01 1.464913e-02 -1.944792e+00 -1.218106e-03 -1.462851e-02 9.998923e-01 1.485874e+02
9.997170e-01 -2.378814e-02 -2.596716e-04 -7.161254e-01 2.378948e-02 9.996275e-01 1.338255e-02 -1.972658e+00 -5.877253e-05 -1.338494e-02 9.999105e-01 1.499371e+02
9.997424e-01 -2.269418e-02 2.385331e-04 -7.229807e-01 2.269089e-02 9.996974e-01 9.505994e-03 -1.976310e+00 -4.541931e-04 -9.498133e-03 9.999549e-01 1.512524e+02
9.998048e-01 -1.972815e-02 1.093281e-03 -7.343653e-01 1.972066e-02 9.997846e-01 6.483880e-03 -1.976989e+00 -1.220962e-03 -6.461054e-03 9.999785e-01 1.525488e+02
9.998311e-01 -1.828118e-02 1.910625e-03 -7.396675e-01 1.826949e-02 9.998153e-01 5.967780e-03 -1.996947e+00 -2.019372e-03 -5.931865e-03 9.999804e-01 1.538573e+02
9.997751e-01 -2.107130e-02 2.405523e-03 -7.410243e-01 2.104920e-02 9.997392e-01 8.869395e-03 -2.011733e+00 -2.591787e-03 -8.816766e-03 9.999579e-01 1.551971e+02
9.996622e-01 -2.583759e-02 2.794035e-03 -7.337078e-01 2.580204e-02 9.995940e-01 1.208947e-02 -2.032686e+00 -3.105265e-03 -1.201329e-02 9.999231e-01 1.565507e+02
9.995287e-01 -3.057660e-02 2.737384e-03 -7.276713e-01 3.053627e-02 9.994394e-01 1.372979e-02 -2.046801e+00 -3.155661e-03 -1.363973e-02 9.999021e-01 1.579099e+02
9.994701e-01 -3.244101e-02 2.649666e-03 -7.236381e-01 3.239973e-02 9.993718e-01 1.436829e-02 -2.061556e+00 -3.114124e-03 -1.427483e-02 9.998933e-01 1.592597e+02
9.994854e-01 -3.187246e-02 3.604952e-03 -7.200528e-01 3.181541e-02 9.993826e-01 1.490890e-02 -2.062996e+00 -4.077911e-03 -1.478654e-02 9.998824e-01 1.606037e+02
9.996102e-01 -2.752212e-02 4.688456e-03 -7.344381e-01 2.745210e-02 9.995195e-01 1.439509e-02 -2.073998e+00 -5.082388e-03 -1.426077e-02 9.998855e-01 1.619487e+02
9.997252e-01 -2.273633e-02 5.708164e-03 -7.382615e-01 2.266388e-02 9.996657e-01 1.245172e-02 -2.089835e+00 -5.989363e-03 -1.231892e-02 9.999063e-01 1.632891e+02
9.997774e-01 -2.009655e-02 6.417839e-03 -7.413799e-01 2.002068e-02 9.997315e-01 1.167493e-02 -2.097545e+00 -6.650742e-03 -1.154385e-02 9.999113e-01 1.646518e+02
9.997825e-01 -1.976976e-02 6.637024e-03 -7.421144e-01 1.967890e-02 9.997154e-01 1.348697e-02 -2.099565e+00 -6.901770e-03 -1.335342e-02 9.998871e-01 1.660074e+02
9.998165e-01 -1.799847e-02 6.554966e-03 -7.408253e-01 1.791044e-02 9.997519e-01 1.324917e-02 -2.119968e+00 -6.791806e-03 -1.312933e-02 9.998908e-01 1.673725e+02
9.998549e-01 -1.593361e-02 6.032362e-03 -7.445324e-01 1.586560e-02 9.998119e-01 1.115870e-02 -2.134743e+00 -6.209027e-03 -1.106137e-02 9.999196e-01 1.687453e+02
9.998931e-01 -1.352287e-02 5.560015e-03 -7.464506e-01 1.347702e-02 9.998756e-01 8.202361e-03 -2.141170e+00 -5.670244e-03 -8.126552e-03 9.999510e-01 1.701002e+02
9.999533e-01 -8.198794e-03 5.124576e-03 -7.524027e-01 8.167203e-03 9.999478e-01 6.155783e-03 -2.152406e+00 -5.174779e-03 -6.113642e-03 9.999680e-01 1.714691e+02
9.999825e-01 -2.414991e-03 5.400742e-03 -7.584507e-01 2.377741e-03 9.999735e-01 6.893297e-03 -2.152704e+00 -5.417247e-03 -6.880335e-03 9.999617e-01 1.728396e+02
9.999801e-01 9.987646e-04 6.226186e-03 -7.710979e-01 -1.058204e-03 9.999539e-01 9.550953e-03 -2.186141e+00 -6.216361e-03 -9.557351e-03 9.999351e-01 1.741899e+02
9.999792e-01 1.319811e-03 6.305423e-03 -7.742871e-01 -1.395412e-03 9.999271e-01 1.200073e-02 -2.196088e+00 -6.289126e-03 -1.200928e-02 9.999082e-01 1.755707e+02
9.999851e-01 -9.577651e-04 5.376610e-03 -7.724923e-01 8.889757e-04 9.999180e-01 1.278234e-02 -2.211670e+00 -5.388412e-03 -1.277737e-02 9.999039e-01 1.769598e+02
9.999879e-01 -3.296602e-03 3.645674e-03 -7.732537e-01 3.248230e-03 9.999077e-01 1.319604e-02 -2.216242e+00 -3.688841e-03 -1.318404e-02 9.999064e-01 1.783468e+02
9.999907e-01 -3.939391e-03 1.771419e-03 -7.750230e-01 3.921692e-03 9.999435e-01 9.887352e-03 -2.238380e+00 -1.810270e-03 -9.880313e-03 9.999496e-01 1.797353e+02
9.999985e-01 -1.702235e-03 1.489755e-04 -7.838548e-01 1.701406e-03 9.999840e-01 5.404813e-03 -2.255642e+00 -1.581749e-04 -5.404552e-03 9.999855e-01 1.811187e+02
9.999983e-01 1.756133e-03 -4.647175e-04 -7.982323e-01 -1.754550e-03 9.999928e-01 3.382111e-03 -2.248766e+00 4.706521e-04 -3.381290e-03 9.999943e-01 1.824871e+02
9.999767e-01 6.807592e-03 -4.383212e-04 -8.171426e-01 -6.805286e-03 9.999641e-01 5.061206e-03 -2.274335e+00 4.727586e-04 -5.058105e-03 9.999872e-01 1.838526e+02
9.999683e-01 7.946263e-03 -5.728352e-04 -8.312309e-01 -7.941321e-03 9.999352e-01 8.165336e-03 -2.287147e+00 6.376804e-04 -8.160527e-03 9.999666e-01 1.852175e+02
9.999666e-01 8.168012e-03 -1.391434e-04 -8.418782e-01 -8.166096e-03 9.999114e-01 1.051476e-02 -2.301476e+00 2.250142e-04 -1.051327e-02 9.999448e-01 1.865911e+02
9.999720e-01 7.488259e-03 -9.520021e-05 -8.536483e-01 -7.486657e-03 9.999053e-01 1.155589e-02 -2.315405e+00 1.817232e-04 -1.155486e-02 9.999333e-01 1.879790e+02
9.999837e-01 5.698034e-03 -2.167896e-04 -8.614884e-01 -5.694986e-03 9.999104e-01 1.211914e-02 -2.323994e+00 2.858239e-04 -1.211771e-02 9.999266e-01 1.893762e+02
9.999949e-01 3.197973e-03 -1.312055e-04 -8.652694e-01 -3.196011e-03 9.999116e-01 1.291172e-02 -2.329867e+00 1.724837e-04 -1.291124e-02 9.999167e-01 1.907898e+02
9.999997e-01 7.623555e-04 1.729309e-04 -8.704448e-01 -7.645839e-04 9.999115e-01 1.328448e-02 -2.340724e+00 -1.627896e-04 -1.328461e-02 9.999118e-01 1.922126e+02
9.999974e-01 -2.230343e-03 4.851947e-04 -8.746615e-01 2.223280e-03 9.998981e-01 1.410258e-02 -2.343271e+00 -5.166004e-04 -1.410146e-02 9.999005e-01 1.936184e+02
9.999800e-01 -6.258960e-03 8.625691e-04 -8.754711e-01 6.244835e-03 9.998603e-01 1.550852e-02 -2.352127e+00 -9.595173e-04 -1.550282e-02 9.998794e-01 1.950231e+02
9.999560e-01 -9.309605e-03 1.159683e-03 -8.778885e-01 9.290445e-03 9.998359e-01 1.555762e-02 -2.376443e+00 -1.304330e-03 -1.554616e-02 9.998784e-01 1.964205e+02
9.999628e-01 -8.527754e-03 1.263270e-03 -8.846190e-01 8.511187e-03 9.998846e-01 1.258694e-02 -2.386912e+00 -1.370464e-03 -1.257572e-02 9.999201e-01 1.978321e+02
9.999935e-01 -3.213365e-03 1.645553e-03 -8.992629e-01 3.201199e-03 9.999680e-01 7.344310e-03 -2.392869e+00 -1.669102e-03 -7.338994e-03 9.999718e-01 1.992508e+02
9.999799e-01 5.672900e-03 2.843969e-03 -9.190176e-01 -5.688831e-03 9.999681e-01 5.625767e-03 -2.382159e+00 -2.811965e-03 -5.641833e-03 9.999802e-01 2.006991e+02
9.999129e-01 1.247480e-02 4.305241e-03 -9.403581e-01 -1.251370e-02 9.998801e-01 9.131508e-03 -2.393587e+00 -4.190812e-03 -9.184588e-03 9.999491e-01 2.021679e+02
9.998738e-01 1.496201e-02 5.337771e-03 -9.483433e-01 -1.502418e-02 9.998175e-01 1.180426e-02 -2.421794e+00 -5.160183e-03 -1.188297e-02 9.999162e-01 2.036366e+02
9.999178e-01 1.194345e-02 4.662756e-03 -9.485660e-01 -1.199866e-02 9.998561e-01 1.199832e-02 -2.430787e+00 -4.518785e-03 -1.205328e-02 9.999172e-01 2.050559e+02
9.999461e-01 9.804340e-03 3.426900e-03 -9.480917e-01 -9.846337e-03 9.998739e-01 1.246138e-02 -2.439372e+00 -3.304294e-03 -1.249446e-02 9.999166e-01 2.064825e+02
9.999578e-01 8.858254e-03 2.420598e-03 -9.450750e-01 -8.887530e-03 9.998841e-01 1.236506e-02 -2.456252e+00 -2.310786e-03 -1.238606e-02 9.999207e-01 2.079024e+02
9.999612e-01 8.652995e-03 1.634772e-03 -9.529500e-01 -8.671652e-03 9.998931e-01 1.177413e-02 -2.463711e+00 -1.532718e-03 -1.178785e-02 9.999294e-01 2.093403e+02
9.999506e-01 9.806123e-03 1.604332e-03 -9.604331e-01 -9.824227e-03 9.998834e-01 1.169619e-02 -2.471298e+00 -1.489452e-03 -1.171137e-02 9.999304e-01 2.107949e+02
9.999377e-01 1.108818e-02 1.315095e-03 -9.731831e-01 -1.110367e-02 9.998613e-01 1.242110e-02 -2.478034e+00 -1.177186e-03 -1.243493e-02 9.999221e-01 2.122617e+02
9.999459e-01 1.034990e-02 1.023888e-03 -9.815952e-01 -1.036192e-02 9.998678e-01 1.253696e-02 -2.495384e+00 -8.939974e-04 -1.254689e-02 9.999210e-01 2.137363e+02
9.999471e-01 1.026010e-02 6.797304e-04 -9.900564e-01 -1.026739e-02 9.998780e-01 1.177963e-02 -2.506525e+00 -5.587887e-04 -1.178599e-02 9.999305e-01 2.152149e+02
9.999441e-01 1.056577e-02 3.879976e-04 -9.984160e-01 -1.056952e-02 9.998788e-01 1.143625e-02 -2.515731e+00 -2.671193e-04 -1.143971e-02 9.999346e-01 2.166986e+02
9.999370e-01 1.122237e-02 -4.024040e-05 -1.006435e+00 -1.122117e-02 9.998716e-01 1.144516e-02 -2.525832e+00 1.686755e-04 -1.144398e-02 9.999346e-01 2.181921e+02
9.999417e-01 1.078893e-02 -4.945663e-04 -1.014296e+00 -1.078272e-02 9.998794e-01 1.118377e-02 -2.537378e+00 6.151659e-04 -1.117778e-02 9.999374e-01 2.196849e+02
9.999381e-01 1.110272e-02 -6.488907e-04 -1.026961e+00 -1.109489e-02 9.998777e-01 1.102761e-02 -2.550566e+00 7.712463e-04 -1.101973e-02 9.999391e-01 2.211662e+02
9.999195e-01 1.262663e-02 -1.260654e-03 -1.043539e+00 -1.261212e-02 9.998609e-01 1.092180e-02 -2.562054e+00 1.398383e-03 -1.090502e-02 9.999396e-01 2.226385e+02
9.999285e-01 1.186696e-02 -1.491166e-03 -1.052410e+00 -1.185027e-02 9.998721e-01 1.074194e-02 -2.577422e+00 1.618447e-03 -1.072350e-02 9.999413e-01 2.241161e+02
9.999047e-01 1.364362e-02 -2.118388e-03 -1.069968e+00 -1.361907e-02 9.998446e-01 1.119831e-02 -2.579238e+00 2.270842e-03 -1.116840e-02 9.999351e-01 2.255912e+02
9.999068e-01 1.348769e-02 -2.122218e-03 -1.077881e+00 -1.346325e-02 9.998474e-01 1.113463e-02 -2.605851e+00 2.272073e-03 -1.110502e-02 9.999358e-01 2.270632e+02
9.999119e-01 1.312411e-02 -1.992775e-03 -1.087241e+00 -1.310164e-02 9.998549e-01 1.089642e-02 -2.619548e+00 2.135490e-03 -1.086935e-02 9.999387e-01 2.285470e+02
9.999184e-01 1.262380e-02 -1.948608e-03 -1.100080e+00 -1.260125e-02 9.998582e-01 1.117897e-02 -2.631942e+00 2.089451e-03 -1.115350e-02 9.999357e-01 2.300455e+02
9.999296e-01 1.173312e-02 -1.772341e-03 -1.109343e+00 -1.171115e-02 9.998603e-01 1.193165e-02 -2.647536e+00 1.912087e-03 -1.191005e-02 9.999273e-01 2.315538e+02
9.999229e-01 1.227661e-02 -1.855781e-03 -1.119631e+00 -1.225281e-02 9.998489e-01 1.233395e-02 -2.664200e+00 2.006918e-03 -1.231026e-02 9.999223e-01 2.330544e+02
9.999178e-01 1.268521e-02 -1.862045e-03 -1.135768e+00 -1.266144e-02 9.998447e-01 1.226098e-02 -2.675828e+00 2.017287e-03 -1.223639e-02 9.999232e-01 2.345594e+02
9.999002e-01 1.403598e-02 -1.603360e-03 -1.149069e+00 -1.401627e-02 9.998333e-01 1.170319e-02 -2.689586e+00 1.767357e-03 -1.167955e-02 9.999303e-01 2.360609e+02
9.998748e-01 1.578019e-02 -1.126618e-03 -1.161923e+00 -1.576447e-02 9.997937e-01 1.280878e-02 -2.691866e+00 1.328509e-03 -1.278942e-02 9.999174e-01 2.375617e+02
9.998804e-01 1.545053e-02 -6.203614e-04 -1.172174e+00 -1.543945e-02 9.997677e-01 1.504367e-02 -2.699860e+00 8.526483e-04 -1.503229e-02 9.998867e-01 2.390614e+02
9.998838e-01 1.524314e-02 -1.216530e-04 -1.181484e+00 -1.523944e-02 9.997646e-01 1.544610e-02 -2.710155e+00 3.570698e-04 -1.544245e-02 9.998808e-01 2.405609e+02
9.998762e-01 1.573056e-02 3.786303e-04 -1.191254e+00 -1.573437e-02 9.997736e-01 1.432644e-02 -2.719381e+00 -1.531831e-04 -1.433063e-02 9.998974e-01 2.420685e+02
9.998658e-01 1.635055e-02 9.821942e-04 -1.201069e+00 -1.636185e-02 9.997832e-01 1.287933e-02 -2.728247e+00 -7.713987e-04 -1.289367e-02 9.999167e-01 2.435882e+02
9.998480e-01 1.738401e-02 1.307122e-03 -1.211942e+00 -1.739923e-02 9.997679e-01 1.271145e-02 -2.727455e+00 -1.085844e-03 -1.273226e-02 9.999184e-01 2.451203e+02
9.998411e-01 1.778613e-02 1.191594e-03 -1.221705e+00 -1.780080e-02 9.997477e-01 1.370513e-02 -2.736255e+00 -9.475331e-04 -1.372417e-02 9.999055e-01 2.466500e+02
9.998395e-01 1.787865e-02 1.123986e-03 -1.225952e+00 -1.789374e-02 9.997231e-01 1.528368e-02 -2.747514e+00 -8.504244e-04 -1.530134e-02 9.998826e-01 2.481697e+02
9.998334e-01 1.824222e-02 5.586223e-04 -1.234900e+00 -1.824871e-02 9.997121e-01 1.558280e-02 -2.755560e+00 -2.741982e-04 -1.559040e-02 9.998785e-01 2.496997e+02
9.998078e-01 1.958712e-02 8.369464e-04 -1.240732e+00 -1.959781e-02 9.996859e-01 1.562314e-02 -2.758996e+00 -5.306728e-04 -1.563654e-02 9.998777e-01 2.512357e+02
9.997674e-01 2.154778e-02 9.618358e-04 -1.254732e+00 -2.156006e-02 9.996486e-01 1.542906e-02 -2.770236e+00 -6.290374e-04 -1.544621e-02 9.998806e-01 2.527670e+02
9.997521e-01 2.223791e-02 1.069802e-03 -1.261276e+00 -2.225197e-02 9.996291e-01 1.570279e-02 -2.766435e+00 -7.202092e-04 -1.572270e-02 9.998762e-01 2.542889e+02
9.997733e-01 2.125942e-02 1.176148e-03 -1.268261e+00 -2.127584e-02 9.996394e-01 1.638857e-02 -2.774714e+00 -8.273137e-04 -1.640988e-02 9.998651e-01 2.558152e+02
9.998059e-01 1.968183e-02 9.233595e-04 -1.278722e+00 -1.969496e-02 9.996534e-01 1.747304e-02 -2.777808e+00 -5.791397e-04 -1.748783e-02 9.998470e-01 2.573595e+02
9.998526e-01 1.715173e-02 8.099216e-04 -1.284023e+00 -1.716378e-02 9.996818e-01 1.849082e-02 -2.790086e+00 -4.925158e-04 -1.850200e-02 9.998288e-01 2.588936e+02
9.998750e-01 1.580874e-02 2.486165e-04 -1.291977e+00 -1.581065e-02 9.997121e-01 1.805170e-02 -2.794191e+00 3.682807e-05 -1.805337e-02 9.998371e-01 2.604372e+02
9.998717e-01 1.601542e-02 2.524934e-05 -1.297781e+00 -1.601363e-02 9.997338e-01 1.661248e-02 -2.800205e+00 2.408117e-04 -1.661075e-02 9.998621e-01 2.619823e+02
9.999001e-01 1.411937e-02 5.839106e-04 -1.301159e+00 -1.412759e-02 9.997383e-01 1.799799e-02 -2.796995e+00 -3.296390e-04 -1.800445e-02 9.998379e-01 2.635195e+02
9.999326e-01 1.156257e-02 1.034814e-03 -1.308771e+00 -1.158097e-02 9.997327e-01 2.001471e-02 -2.794816e+00 -8.031177e-04 -2.002534e-02 9.997992e-01 2.650632e+02
9.999478e-01 1.016060e-02 1.055670e-03 -1.313921e+00 -1.017925e-02 9.997583e-01 1.949055e-02 -2.807866e+00 -8.573806e-04 -1.950028e-02 9.998096e-01 2.666046e+02
9.999529e-01 9.608935e-03 1.398988e-03 -1.318332e+00 -9.633896e-03 9.997714e-01 1.908923e-02 -2.803171e+00 -1.215242e-03 -1.910181e-02 9.998169e-01 2.681342e+02
9.999433e-01 1.044930e-02 2.055793e-03 -1.329198e+00 -1.048635e-02 9.997660e-01 1.892255e-02 -2.799285e+00 -1.857586e-03 -1.894304e-02 9.998189e-01 2.696734e+02
9.999239e-01 1.197140e-02 2.987973e-03 -1.341210e+00 -1.202613e-02 9.997467e-01 1.902808e-02 -2.798880e+00 -2.759424e-03 -1.906257e-02 9.998146e-01 2.712230e+02
9.999028e-01 1.335820e-02 4.002534e-03 -1.348596e+00 -1.343061e-02 9.997360e-01 1.864778e-02 -2.803024e+00 -3.752378e-03 -1.869972e-02 9.998182e-01 2.727812e+02
9.998863e-01 1.431070e-02 4.751575e-03 -1.357269e+00 -1.439705e-02 9.997222e-01 1.866555e-02 -2.800526e+00 -4.483139e-03 -1.873184e-02 9.998146e-01 2.743319e+02
9.998820e-01 1.435892e-02 5.454930e-03 -1.360602e+00 -1.445698e-02 9.997266e-01 1.838222e-02 -2.807667e+00 -5.189491e-03 -1.845891e-02 9.998162e-01 2.758807e+02
9.998634e-01 1.513250e-02 6.648256e-03 -1.361911e+00 -1.525094e-02 9.997192e-01 1.814163e-02 -2.806337e+00 -6.371861e-03 -1.824055e-02 9.998134e-01 2.774225e+02
9.998547e-01 1.536221e-02 7.390639e-03 -1.365617e+00 -1.549191e-02 9.997212e-01 1.782498e-02 -2.810797e+00 -7.114748e-03 -1.793688e-02 9.998139e-01 2.789511e+02
9.998540e-01 1.502372e-02 8.135838e-03 -1.360863e+00 -1.516862e-02 9.997220e-01 1.805229e-02 -2.812617e+00 -7.862365e-03 -1.817306e-02 9.998040e-01 2.804862e+02
9.998646e-01 1.377812e-02 9.001046e-03 -1.356427e+00 -1.395096e-02 9.997139e-01 1.943040e-02 -2.813668e+00 -8.730758e-03 -1.955334e-02 9.997708e-01 2.820305e+02
9.998812e-01 1.240026e-02 9.156718e-03 -1.355471e+00 -1.258216e-02 9.997192e-01 2.008175e-02 -2.819863e+00 -8.905130e-03 -2.019458e-02 9.997565e-01 2.835871e+02
9.998904e-01 1.134461e-02 9.517218e-03 -1.344529e+00 -1.151839e-02 9.997643e-01 1.840826e-02 -2.830174e+00 -9.306141e-03 -1.851586e-02 9.997853e-01 2.851442e+02
9.998935e-01 1.132904e-02 9.194364e-03 -1.343919e+00 -1.147482e-02 9.998068e-01 1.595978e-02 -2.829558e+00 -9.011780e-03 -1.606359e-02 9.998304e-01 2.866956e+02
9.998975e-01 1.159458e-02 8.403117e-03 -1.340812e+00 -1.172391e-02 9.998111e-01 1.550886e-02 -2.819125e+00 -8.221712e-03 -1.560579e-02 9.998445e-01 2.882415e+02
9.999109e-01 1.091514e-02 7.685372e-03 -1.334586e+00 -1.103911e-02 9.998066e-01 1.627704e-02 -2.825802e+00 -7.506221e-03 -1.636043e-02 9.998381e-01 2.897843e+02
9.999204e-01 1.067604e-02 6.729492e-03 -1.335022e+00 -1.078385e-02 9.998108e-01 1.619343e-02 -2.841752e+00 -6.555338e-03 -1.626471e-02 9.998463e-01 2.913137e+02
9.999198e-01 1.093216e-02 6.400534e-03 -1.338748e+00 -1.103429e-02 9.998088e-01 1.614438e-02 -2.848097e+00 -6.222819e-03 -1.621371e-02 9.998493e-01 2.928563e+02
9.999215e-01 1.104651e-02 5.917748e-03 -1.340738e+00 -1.114317e-02 9.998009e-01 1.655835e-02 -2.847692e+00 -5.733659e-03 -1.662300e-02 9.998455e-01 2.944182e+02
9.999257e-01 1.108730e-02 5.057709e-03 -1.346955e+00 -1.117170e-02 9.997935e-01 1.697640e-02 -2.854913e+00 -4.868444e-03 -1.703164e-02 9.998432e-01 2.959900e+02
9.999302e-01 1.110950e-02 4.016929e-03 -1.347338e+00 -1.117969e-02 9.997774e-01 1.789729e-02 -2.854490e+00 -3.817206e-03 -1.794095e-02 9.998318e-01 2.975698e+02
9.999230e-01 1.197932e-02 3.244599e-03 -1.354487e+00 -1.204025e-02 9.997382e-01 1.946203e-02 -2.853696e+00 -3.010609e-03 -1.949960e-02 9.998054e-01 2.991417e+02
9.999124e-01 1.266580e-02 3.853919e-03 -1.352249e+00 -1.274045e-02 9.997188e-01 2.000382e-02 -2.858587e+00 -3.599472e-03 -2.005117e-02 9.997926e-01 3.006990e+02
9.998988e-01 1.332317e-02 4.982497e-03 -1.359059e+00 -1.341962e-02 9.997129e-01 1.985487e-02 -2.857222e+00 -4.716538e-03 -1.991972e-02 9.997905e-01 3.022487e+02
9.999073e-01 1.248229e-02 5.434382e-03 -1.364185e+00 -1.258704e-02 9.997270e-01 1.968815e-02 -2.855914e+00 -5.187146e-03 -1.975473e-02 9.997915e-01 3.038367e+02
9.999286e-01 1.050190e-02 5.692481e-03 -1.362043e+00 -1.060854e-02 9.997625e-01 1.903911e-02 -2.854250e+00 -5.491183e-03 -1.909814e-02 9.998026e-01 3.054481e+02
9.999394e-01 9.210462e-03 6.030866e-03 -1.360761e+00 -9.313861e-03 9.998062e-01 1.734757e-02 -2.857913e+00 -5.869919e-03 -1.740269e-02 9.998314e-01 3.070543e+02
9.999381e-01 9.120460e-03 6.365962e-03 -1.355668e+00 -9.225798e-03 9.998177e-01 1.671885e-02 -2.848818e+00 -6.212320e-03 -1.677654e-02 9.998400e-01 3.086610e+02
9.999404e-01 9.709848e-03 4.986905e-03 -1.365304e+00 -9.786665e-03 9.998302e-01 1.561790e-02 -2.863832e+00 -4.834412e-03 -1.566577e-02 9.998657e-01 3.102565e+02
9.999398e-01 1.068685e-02 2.485952e-03 -1.374408e+00 -1.072553e-02 9.998129e-01 1.610383e-02 -2.856128e+00 -2.313389e-03 -1.612953e-02 9.998673e-01 3.118569e+02
9.999258e-01 1.202734e-02 1.910415e-03 -1.374269e+00 -1.206266e-02 9.997332e-01 1.970006e-02 -2.856668e+00 -1.672967e-03 -1.972165e-02 9.998042e-01 3.134959e+02
9.999362e-01 1.115382e-02 1.774052e-03 -1.383656e+00 -1.119141e-02 9.996770e-01 2.281929e-02 -2.853690e+00 -1.518959e-03 -2.283768e-02 9.997381e-01 3.151264e+02
9.999493e-01 9.755979e-03 2.488932e-03 -1.384433e+00 -9.812649e-03 9.996668e-01 2.387610e-02 -2.851417e+00 -2.255169e-03 -2.389931e-02 9.997119e-01 3.167492e+02
9.999569e-01 8.818684e-03 2.901229e-03 -1.390712e+00 -8.883319e-03 9.996943e-01 2.307625e-02 -2.850175e+00 -2.696842e-03 -2.310103e-02 9.997296e-01 3.183707e+02
9.999605e-01 8.254838e-03 3.300069e-03 -1.393034e+00 -8.327864e-03 9.997062e-01 2.276437e-02 -2.830830e+00 -3.111185e-03 -2.279096e-02 9.997355e-01 3.199953e+02
9.999600e-01 8.228048e-03 3.512286e-03 -1.399384e+00 -8.307187e-03 9.996976e-01 2.314635e-02 -2.825439e+00 -3.320777e-03 -2.317460e-02 9.997260e-01 3.216179e+02
9.999598e-01 7.883975e-03 4.269644e-03 -1.396744e+00 -7.980041e-03 9.997043e-01 2.297117e-02 -2.834543e+00 -4.087279e-03 -2.300432e-02 9.997271e-01 3.232453e+02
9.999456e-01 9.149496e-03 5.017014e-03 -1.397989e+00 -9.260832e-03 9.997009e-01 2.263707e-02 -2.826730e+00 -4.808397e-03 -2.268230e-02 9.997312e-01 3.248627e+02
9.999365e-01 9.987145e-03 5.228800e-03 -1.407532e+00 -1.010067e-02 9.997036e-01 2.215597e-02 -2.824138e+00 -5.005977e-03 -2.220738e-02 9.997409e-01 3.264926e+02
9.999376e-01 9.194163e-03 6.343288e-03 -1.402557e+00 -9.341452e-03 9.996780e-01 2.359479e-02 -2.817384e+00 -6.124312e-03 -2.365257e-02 9.997016e-01 3.281296e+02
9.999493e-01 7.706590e-03 6.474409e-03 -1.403176e+00 -7.864768e-03 9.996622e-01 2.477210e-02 -2.818606e+00 -6.281315e-03 -2.482176e-02 9.996722e-01 3.297562e+02
9.999531e-01 7.258609e-03 6.406315e-03 -1.403024e+00 -7.411054e-03 9.996821e-01 2.410243e-02 -2.820546e+00 -6.229329e-03 -2.414878e-02 9.996890e-01 3.313788e+02
9.999467e-01 7.876559e-03 6.667249e-03 -1.398294e+00 -8.035363e-03 9.996764e-01 2.413702e-02 -2.813250e+00 -6.474977e-03 -2.418931e-02 9.996865e-01 3.329831e+02
9.999369e-01 9.090963e-03 6.594622e-03 -1.403433e+00 -9.237616e-03 9.997029e-01 2.255994e-02 -2.807364e+00 -6.387573e-03 -2.261944e-02 9.997238e-01 3.345912e+02
9.999090e-01 1.196402e-02 6.233532e-03 -1.407110e+00 -1.208420e-02 9.997347e-01 1.961229e-02 -2.816470e+00 -5.997237e-03 -1.968583e-02 9.997883e-01 3.361975e+02
9.998980e-01 1.328558e-02 5.237370e-03 -1.416707e+00 -1.338772e-02 9.997109e-01 1.997554e-02 -2.812223e+00 -4.970470e-03 -2.004362e-02 9.997868e-01 3.378132e+02
9.998937e-01 1.395259e-02 4.231466e-03 -1.420550e+00 -1.404480e-02 9.996459e-01 2.260493e-02 -2.813318e+00 -3.914571e-03 -2.266196e-02 9.997356e-01 3.394329e+02
9.998800e-01 1.505673e-02 3.633489e-03 -1.428351e+00 -1.514508e-02 9.995561e-01 2.565771e-02 -2.806372e+00 -3.245556e-03 -2.570966e-02 9.996643e-01 3.410433e+02
9.998741e-01 1.567069e-02 2.499014e-03 -1.437908e+00 -1.572944e-02 9.995502e-01 2.553687e-02 -2.812895e+00 -2.097711e-03 -2.557297e-02 9.996708e-01 3.426445e+02
9.998795e-01 1.548395e-02 1.151014e-03 -1.444241e+00 -1.550719e-02 9.995897e-01 2.408678e-02 -2.804043e+00 -7.775849e-04 -2.410173e-02 9.997093e-01 3.442442e+02
9.998975e-01 1.428467e-02 -9.218655e-04 -1.458564e+00 -1.425755e-02 9.995933e-01 2.470030e-02 -2.777704e+00 1.274325e-03 -2.468463e-02 9.996946e-01 3.458429e+02
9.999155e-01 1.278428e-02 -2.339769e-03 -1.467328e+00 -1.271941e-02 9.995835e-01 2.590722e-02 -2.781719e+00 2.669998e-03 -2.587527e-02 9.996617e-01 3.474311e+02
9.999192e-01 1.241193e-02 -2.726883e-03 -1.476700e+00 -1.233872e-02 9.996013e-01 2.539946e-02 -2.779346e+00 3.041050e-03 -2.536377e-02 9.996737e-01 3.490282e+02
9.999226e-01 1.204863e-02 -3.105297e-03 -1.495051e+00 -1.196942e-02 9.996313e-01 2.437424e-02 -2.773476e+00 3.397827e-03 -2.433518e-02 9.996982e-01 3.506177e+02
9.999285e-01 1.163109e-02 -2.759140e-03 -1.510410e+00 -1.156132e-02 9.996432e-01 2.408118e-02 -2.759556e+00 3.038244e-03 -2.404756e-02 9.997063e-01 3.522192e+02
9.999352e-01 1.104048e-02 -2.786484e-03 -1.529208e+00 -1.096951e-02 9.996443e-01 2.431349e-02 -2.756113e+00 3.053923e-03 -2.428135e-02 9.997006e-01 3.538160e+02
9.999422e-01 1.033490e-02 -2.948390e-03 -1.542122e+00 -1.026121e-02 9.996594e-01 2.399967e-02 -2.757482e+00 3.195418e-03 -2.396803e-02 9.997077e-01 3.554031e+02
