1.000000e+00 8.137513e-10 -7.656116e-10 -2.139042e-10 8.137513e-10 1.000000e+00 6.754230e-11 4.506439e-09 -7.656116e-10 6.754230e-11 1.000000e+00 2.697696e-08
1.000000e+00 -1.328505e-05 5.866190e-06 -4.924232e-04 1.328656e-05 1.000000e+00 1.872612e-05 -2.748520e-04 -5.867970e-06 -1.872591e-05 1.000000e+00 1.341641e-03
9.999998e-01 -5.178882e-04 -3.905901e-04 7.858061e-04 5.183618e-04 9.999992e-01 1.209323e-03 -2.389485e-02 3.899620e-04 -1.209526e-03 9.999993e-01 1.302352e+00
9.999988e-01 -1.504475e-03 -3.140630e-04 -5.455621e-03 1.504979e-03 9.999976e-01 1.604558e-03 -4.384691e-02 3.116467e-04 -1.605029e-03 9.999987e-01 2.611434e+00
9.999958e-01 -2.781535e-03 -8.321818e-04 -9.777751e-03 2.782370e-03 9.999957e-01 1.001017e-03 -7.732678e-02 8.293923e-04 -1.003328e-03 9.999992e-01 3.926380e+00
9.999950e-01 -3.135401e-03 -3.293933e-04 -1.523710e-02 3.135730e-03 9.999946e-01 9.984041e-04 -9.451207e-02 3.262596e-04 -9.994319e-04 9.999995e-01 5.249871e+00
9.999942e-01 -3.377612e-03 -3.242449e-04 -2.931082e-02 3.378140e-03 9.999930e-01 1.636628e-03 -1.117615e-01 3.187132e-04 -1.637713e-03 9.999987e-01 6.584069e+00
9.999901e-01 -4.442098e-03 -3.556342e-04 -3.634415e-02 4.443170e-03 9.999855e-01 3.068368e-03 -1.394803e-01 3.419975e-04 -3.069917e-03 9.999953e-01 7.911115e+00
9.999881e-01 -4.878342e-03 -1.697992e-04 -3.881587e-02 4.878899e-03 9.999822e-01 3.441451e-03 -1.683096e-01 1.530061e-04 -3.442239e-03 9.999941e-01 9.226346e+00
9.999917e-01 -4.050540e-03 -4.750027e-04 -5.697208e-02 4.051551e-03 9.999896e-01 2.144266e-03 -1.974059e-01 4.663108e-04 -2.146173e-03 9.999977e-01 1.054943e+01
9.999984e-01 -1.673520e-03 -6.133622e-04 -7.239816e-02 1.673575e-03 9.999987e-01 8.555593e-05 -2.148449e-01 6.132166e-04 -8.658216e-05 9.999999e-01 1.188564e+01
9.999990e-01 1.147160e-03 -8.387052e-04 -8.749218e-02 -1.147799e-03 9.999991e-01 -7.640982e-04 -2.416206e-01 8.378264e-04 7.650603e-04 9.999994e-01 1.323212e+01
9.999933e-01 3.559562e-03 -8.782352e-04 -1.027884e-01 -3.560009e-03 9.999936e-01 -5.093313e-04 -2.687881e-01 8.764150e-04 5.124545e-04 9.999996e-01 1.458692e+01
9.999904e-01 4.358764e-03 -3.901417e-04 -1.115252e-01 -4.358729e-03 9.999906e-01 8.727178e-05 -2.908760e-01 3.905169e-04 -8.557029e-05 1.000000e+00 1.592172e+01
9.999968e-01 2.517328e-03 -3.144545e-04 -1.184644e-01 -2.516578e-03 9.999941e-01 2.358401e-03 -3.125746e-01 3.203880e-04 -2.357601e-03 9.999973e-01 1.727932e+01
9.999991e-01 -1.282399e-03 3.151441e-04 -1.141907e-01 1.280767e-03 9.999861e-01 5.130827e-03 -3.375746e-01 -3.217210e-04 -5.130418e-03 9.999869e-01 1.862208e+01
9.999917e-01 -4.067831e-03 1.942731e-04 -1.211777e-01 4.066991e-03 9.999832e-01 4.154468e-03 -3.833377e-01 -2.111711e-04 -4.153644e-03 9.999914e-01 1.996966e+01
9.999885e-01 -4.786236e-03 1.980166e-04 -1.255186e-01 4.786027e-03 9.999881e-01 1.050124e-03 -3.903968e-01 -2.030419e-04 -1.049165e-03 9.999995e-01 2.131175e+01
9.999959e-01 -2.853082e-03 2.054693e-04 -1.365852e-01 2.853107e-03 9.999960e-01 -1.155813e-04 -4.133950e-01 -2.051402e-04 1.161672e-04 1.000000e+00 2.268122e+01
9.999993e-01 -8.755881e-04 8.439553e-04 -1.545245e-01 8.750576e-04 9.999995e-01 6.306093e-04 -4.183164e-01 -8.445085e-04 -6.298702e-04 9.999995e-01 2.405026e+01
9.999982e-01 -5.968424e-04 1.810989e-03 -1.607918e-01 5.894258e-04 9.999915e-01 4.093995e-03 -4.350681e-01 -1.813418e-03 -4.092920e-03 9.999901e-01 2.542487e+01
9.999933e-01 -3.465688e-03 1.186692e-03 -1.699763e-01 3.459608e-03 9.999811e-01 5.089452e-03 -4.627941e-01 -1.204310e-03 -5.085312e-03 9.999864e-01 2.679631e+01
9.999744e-01 -6.370005e-03 3.243742e-03 -1.606782e-01 6.353052e-03 9.999663e-01 5.210661e-03 -4.941267e-01 -3.276826e-03 -5.189920e-03 9.999812e-01 2.816478e+01
9.999716e-01 -7.064948e-03 2.605195e-03 -1.845590e-01 7.056473e-03 9.999699e-01 3.248657e-03 -5.053170e-01 -2.628070e-03 -3.230181e-03 9.999914e-01 2.953285e+01
9.999728e-01 -7.037397e-03 2.220913e-03 -1.955251e-01 7.034553e-03 9.999745e-01 1.286626e-03 -5.309791e-01 -2.229913e-03 -1.270968e-03 9.999968e-01 3.091072e+01
9.999881e-01 -4.353127e-03 2.206256e-03 -2.129451e-01 4.354263e-03 9.999905e-01 -5.094948e-04 -5.401823e-01 -2.204018e-03 5.190955e-04 9.999975e-01 3.229146e+01
9.999947e-01 -2.002917e-03 2.564777e-03 -2.226710e-01 2.007221e-03 9.999966e-01 -1.676106e-03 -5.709164e-01 -2.561413e-03 1.681245e-03 9.999954e-01 3.367114e+01
9.999947e-01 -1.523865e-03 2.879230e-03 -2.277147e-01 1.529188e-03 9.999972e-01 -1.846865e-03 -5.929565e-01 -2.876409e-03 1.851258e-03 9.999942e-01 3.506054e+01
9.999957e-01 -1.588881e-03 2.474962e-03 -2.326304e-01 1.589306e-03 9.999988e-01 -1.690741e-04 -6.202985e-01 -2.474691e-03 1.730070e-04 9.999970e-01 3.645549e+01
9.999953e-01 9.004147e-04 2.918116e-03 -2.349165e-01 -9.037493e-04 9.999990e-01 1.142138e-03 -6.480818e-01 -2.917086e-03 -1.144770e-03 9.999952e-01 3.784304e+01
9.999949e-01 2.231079e-03 2.295265e-03 -2.524606e-01 -2.235318e-03 9.999959e-01 1.846463e-03 -6.749917e-01 -2.291137e-03 -1.851584e-03 9.999957e-01 3.924090e+01
9.999911e-01 3.807468e-03 1.828055e-03 -2.695018e-01 -3.810557e-03 9.999914e-01 1.690076e-03 -6.988371e-01 -1.821606e-03 -1.697027e-03 9.999970e-01 4.064747e+01
9.999809e-01 5.807746e-03 2.135343e-03 -2.840678e-01 -5.811437e-03 9.999817e-01 1.726874e-03 -7.175839e-01 -2.125276e-03 -1.739250e-03 9.999963e-01 4.206274e+01
9.999698e-01 7.518941e-03 1.983087e-03 -3.060522e-01 -7.523841e-03 9.999687e-01 2.476095e-03 -7.358250e-01 -1.964409e-03 -2.490941e-03 9.999950e-01 4.345984e+01
9.999745e-01 6.901514e-03 1.820943e-03 -3.139568e-01 -6.906617e-03 9.999723e-01 2.811725e-03 -7.690920e-01 -1.801489e-03 -2.824230e-03 9.999945e-01 4.486407e+01
9.999814e-01 6.024284e-03 9.462033e-04 -3.252997e-01 -6.026402e-03 9.999794e-01 2.253341e-03 -7.919953e-01 -9.326105e-04 -2.259001e-03 9.999971e-01 4.626227e+01
9.999859e-01 5.300180e-03 3.700112e-04 -3.294847e-01 -5.301087e-03 9.999829e-01 2.499181e-03 -8.149081e-01 -3.567603e-04 -2.501107e-03 9.999969e-01 4.768061e+01
9.999834e-01 5.623438e-03 -1.252240e-03 -3.386448e-01 -5.619205e-03 9.999786e-01 3.357563e-03 -8.368124e-01 1.271093e-03 -3.350471e-03 9.999937e-01 4.909913e+01
9.999739e-01 6.931856e-03 -2.059048e-03 -3.480635e-01 -6.925691e-03 9.999716e-01 2.985488e-03 -8.689175e-01 2.079683e-03 -2.971149e-03 9.999935e-01 5.052365e+01
9.999732e-01 6.666464e-03 -3.030799e-03 -3.707540e-01 -6.656328e-03 9.999723e-01 3.341523e-03 -8.818512e-01 3.052990e-03 -3.321259e-03 9.999899e-01 5.195196e+01
9.999691e-01 6.594638e-03 -4.267969e-03 -3.904120e-01 -6.575529e-03 9.999684e-01 4.475503e-03 -9.016768e-01 4.297347e-03 -4.447301e-03 9.999810e-01 5.336557e+01
9.999775e-01 5.122501e-03 -4.323411e-03 -4.004987e-01 -5.096230e-03 9.999687e-01 6.065387e-03 -9.237822e-01 4.354344e-03 -6.043217e-03 9.999723e-01 5.478648e+01
9.999824e-01 2.991091e-03 -5.120270e-03 -4.268855e-01 -2.957904e-03 9.999747e-01 6.476568e-03 -9.523035e-01 5.139511e-03 -6.461309e-03 9.999660e-01 5.620222e+01
9.999844e-01 1.295632e-03 -5.432844e-03 -4.382931e-01 -1.262832e-03 9.999810e-01 6.036060e-03 -9.766855e-01 5.440560e-03 -6.029105e-03 9.999671e-01 5.762492e+01
9.999845e-01 7.986312e-05 -5.574766e-03 -4.489773e-01 -4.516349e-05 9.999807e-01 6.223968e-03 -9.968283e-01 5.575153e-03 -6.223619e-03 9.999652e-01 5.906375e+01
9.999855e-01 -8.838206e-04 -5.315447e-03 -4.634044e-01 9.217486e-04 9.999742e-01 7.136905e-03 -1.018569e+00 5.309000e-03 -7.141700e-03 9.999605e-01 6.049364e+01
9.999867e-01 -2.104314e-03 -4.713453e-03 -4.819225e-01 2.142342e-03 9.999651e-01 8.076977e-03 -1.039606e+00 4.696291e-03 -8.086968e-03 9.999564e-01 6.191880e+01
9.999830e-01 -3.959149e-03 -4.271374e-03 -4.943508e-01 3.993278e-03 9.999600e-01 8.011158e-03 -1.065354e+00 4.239484e-03 -8.028079e-03 9.999589e-01 6.333689e+01
9.999798e-01 -4.990695e-03 -3.923347e-03 -5.067327e-01 5.019237e-03 9.999608e-01 7.298687e-03 -1.084185e+00 3.886766e-03 -7.318232e-03 9.999657e-01 6.475846e+01
9.999840e-01 -4.748032e-03 -3.073474e-03 -5.187136e-01 4.771083e-03 9.999603e-01 7.535866e-03 -1.099063e+00 3.037570e-03 -7.550409e-03 9.999670e-01 6.618352e+01
9.999902e-01 -3.508978e-03 -2.715216e-03 -5.394082e-01 3.529288e-03 9.999656e-01 7.511315e-03 -1.123399e+00 2.688764e-03 -7.520824e-03 9.999682e-01 6.759998e+01
9.999972e-01 -1.113362e-03 -2.092414e-03 -5.534584e-01 1.131029e-03 9.999636e-01 8.460551e-03 -1.141562e+00 2.082917e-03 -8.462894e-03 9.999621e-01 6.902513e+01
9.999970e-01 1.987656e-03 -1.394772e-03 -5.734351e-01 -1.974180e-03 9.999521e-01 9.597009e-03 -1.158727e+00 1.413779e-03 -9.594227e-03 9.999531e-01 7.044394e+01
9.999823e-01 5.920596e-03 -5.742855e-04 -5.898097e-01 -5.914160e-03 9.999261e-01 1.062431e-02 -1.175544e+00 6.371438e-04 -1.062072e-02 9.999435e-01 7.185524e+01
9.999533e-01 9.663131e-03 -1.138408e-04 -6.055850e-01 -9.661368e-03 9.998966e-01 1.065711e-02 -1.193228e+00 2.168085e-04 -1.065551e-02 9.999433e-01 7.325582e+01
9.999174e-01 1.284590e-02 4.910137e-04 -6.171767e-01 -1.285016e-02 9.998677e-01 9.978200e-03 -1.212352e+00 -3.627712e-04 -9.983685e-03 9.999502e-01 7.464391e+01
9.999063e-01 1.362946e-02 1.237146e-03 -6.314391e-01 -1.364115e-02 9.998571e-01 9.988602e-03 -1.219515e+00 -1.100831e-03 -1.000454e-02 9.999494e-01 7.603812e+01
9.998927e-01 1.456995e-02 1.525588e-03 -6.431525e-01 -1.458482e-02 9.998413e-01 1.023390e-02 -1.241005e+00 -1.376239e-03 -1.025505e-02 9.999465e-01 7.743104e+01
9.999185e-01 1.267561e-02 1.522982e-03 -6.472154e-01 -1.269098e-02 9.998639e-01 1.054850e-02 -1.259214e+00 -1.389067e-03 -1.056697e-02 9.999433e-01 7.882253e+01
9.999239e-01 1.228118e-02 1.179218e-03 -6.503620e-01 -1.229222e-02 9.998758e-01 9.867259e-03 -1.276162e+00 -1.057891e-03 -9.881003e-03 9.999507e-01 8.022311e+01
9.999311e-01 1.169596e-02 9.501657e-04 -6.576514e-01 -1.170472e-02 9.998834e-01 9.811010e-03 -1.295672e+00 -8.353073e-04 -9.821455e-03 9.999515e-01 8.161164e+01
9.999258e-01 1.215595e-02 8.037196e-04 -6.656201e-01 -1.216357e-02 9.998733e-01 1.027834e-02 -1.312532e+00 -6.786763e-04 -1.028735e-02 9.999469e-01 8.300494e+01
9.999326e-01 1.161242e-02 1.359243e-04 -6.780468e-01 -1.161319e-02 9.998851e-01 9.752624e-03 -1.333931e+00 -2.265864e-05 -9.753545e-03 9.999525e-01 8.439184e+01
9.999401e-01 1.092354e-02 -7.332907e-04 -6.885200e-01 -1.091580e-02 9.998921e-01 9.834228e-03 -1.341098e+00 8.406346e-04 -9.825634e-03 9.999515e-01 8.575931e+01
9.999472e-01 1.013891e-02 -1.651904e-03 -7.011807e-01 -1.012072e-02 9.998919e-01 1.066748e-02 -1.355372e+00 1.759881e-03 -1.065020e-02 9.999418e-01 8.712186e+01
9.999576e-01 8.707270e-03 -3.001250e-03 -7.122114e-01 -8.670914e-03 9.998914e-01 1.192046e-02 -1.373514e+00 3.104717e-03 -1.189393e-02 9.999245e-01 8.848111e+01
9.999656e-01 7.194424e-03 -4.121051e-03 -7.224882e-01 -7.142059e-03 9.998954e-01 1.258316e-02 -1.393896e+00 4.211146e-03 -1.255329e-02 9.999124e-01 8.982121e+01
9.999703e-01 5.915394e-03 -4.945844e-03 -7.331686e-01 -5.854060e-03 9.999070e-01 1.232464e-02 -1.405498e+00 5.018287e-03 -1.229532e-02 9.999119e-01 9.116425e+01
9.999724e-01 5.041844e-03 -5.450518e-03 -7.485895e-01 -4.975394e-03 9.999140e-01 1.213675e-02 -1.421078e+00 5.511239e-03 -1.210930e-02 9.999116e-01 9.252144e+01
9.999745e-01 4.452624e-03 -5.581425e-03 -7.632189e-01 -4.385982e-03 9.999197e-01 1.189558e-02 -1.434985e+00 5.633942e-03 -1.187080e-02 9.999137e-01 9.388258e+01
9.999712e-01 4.872646e-03 -5.821475e-03 -7.816301e-01 -4.806352e-03 9.999241e-01 1.134763e-02 -1.448695e+00 5.876325e-03 -1.131933e-02 9.999187e-01 9.525218e+01
9.999714e-01 4.780068e-03 -5.857613e-03 -7.990833e-01 -4.715762e-03 9.999291e-01 1.094299e-02 -1.463115e+00 5.909503e-03 -1.091505e-02 9.999230e-01 9.662664e+01
9.999658e-01 5.934871e-03 -5.760900e-03 -8.180705e-01 -5.875267e-03 9.999297e-01 1.030843e-02 -1.478754e+00 5.821672e-03 -1.027423e-02 9.999304e-01 9.799630e+01
9.999578e-01 7.511287e-03 -5.297085e-03 -8.361061e-01 -7.455390e-03 9.999172e-01 1.049400e-02 -1.492307e+00 5.375468e-03 -1.045406e-02 9.999310e-01 9.933642e+01
9.999504e-01 8.521355e-03 -5.161910e-03 -8.563601e-01 -8.460245e-03 9.998953e-01 1.174668e-02 -1.507379e+00 5.261466e-03 -1.170243e-02 9.999178e-01 1.006711e+02
9.999455e-01 9.002681e-03 -5.281031e-03 -8.748082e-01 -8.934096e-03 9.998773e-01 1.286973e-02 -1.515065e+00 5.396244e-03 -1.282185e-02 9.999033e-01 1.019948e+02
9.999500e-01 8.522181e-03 -5.224889e-03 -8.904830e-01 -8.459480e-03 9.998934e-01 1.190707e-02 -1.533162e+00 5.325804e-03 -1.186228e-02 9.999155e-01 1.033244e+02
9.999494e-01 8.731629e-03 -4.995186e-03 -9.074224e-01 -8.681228e-03 9.999121e-01 1.002374e-02 -1.549470e+00 5.082269e-03 -9.979868e-03 9.999374e-01 1.046646e+02
9.999448e-01 9.186787e-03 -5.095737e-03 -9.236256e-01 -9.141828e-03 9.999198e-01 8.776930e-03 -1.560673e+00 5.175958e-03 -8.729861e-03 9.999486e-01 1.059934e+02
9.999548e-01 8.110196e-03 -4.970695e-03 -9.383336e-01 -8.062287e-03 9.999216e-01 9.583276e-03 -1.568113e+00 5.048026e-03 -9.542767e-03 9.999418e-01 1.073358e+02
9.999738e-01 5.784112e-03 -4.340871e-03 -9.474986e-01 -5.734497e-03 9.999191e-01 1.135606e-02 -1.584460e+00 4.406203e-03 -1.133087e-02 9.999262e-01 1.086619e+02
9.999884e-01 3.180559e-03 -3.613152e-03 -9.625269e-01 -3.134151e-03 9.999135e-01 1.277767e-02 -1.606187e+00 3.653478e-03 -1.276620e-02 9.999119e-01 1.099747e+02
9.999947e-01 1.442575e-03 -2.912417e-03 -9.743864e-01 -1.406718e-03 9.999237e-01 1.227606e-02 -1.632651e+00 2.929903e-03 -1.227190e-02 9.999205e-01 1.112906e+02
9.999947e-01 2.240718e-03 -2.348172e-03 -9.869159e-01 -2.215826e-03 9.999420e-01 1.054947e-02 -1.647161e+00 2.371673e-03 -1.054421e-02 9.999417e-01 1.126119e+02
9.999873e-01 4.864516e-03 -1.279434e-03 -9.982996e-01 -4.853494e-03 9.999523e-01 8.479838e-03 -1.664442e+00 1.320622e-03 -8.473521e-03 9.999633e-01 1.139471e+02
9.999702e-01 7.712569e-03 2.087454e-04 -1.014518e+00 -7.713967e-03 9.999396e-01 7.839361e-03 -1.672767e+00 -1.482727e-04 -7.840738e-03 9.999693e-01 1.152738e+02
9.999561e-01 9.198937e-03 1.785928e-03 -1.026118e+00 -9.215083e-03 9.999148e-01 9.254279e-03 -1.682242e+00 -1.700648e-03 -9.270330e-03 9.999557e-01 1.166124e+02
9.999532e-01 9.264575e-03 2.783772e-03 -1.034530e+00 -9.297005e-03 9.998864e-01 1.187261e-02 -1.699109e+00 -2.673462e-03 -1.189794e-02 9.999257e-01 1.179461e+02
9.999647e-01 7.654754e-03 3.457756e-03 -1.036037e+00 -7.698866e-03 9.998868e-01 1.293001e-02 -1.724324e+00 -3.358390e-03 -1.295618e-02 9.999105e-01 1.192855e+02
9.999611e-01 7.683902e-03 4.339977e-03 -1.040153e+00 -7.739073e-03 9.998876e-01 1.284225e-02 -1.737689e+00 -4.240812e-03 -1.287533e-02 9.999082e-01 1.206170e+02
9.999410e-01 9.147497e-03 5.850303e-03 -1.043790e+00 -9.218975e-03 9.998818e-01 1.231008e-02 -1.740282e+00 -5.737007e-03 -1.236329e-02 9.999072e-01 1.219450e+02
9.999204e-01 1.064841e-02 6.774678e-03 -1.047746e+00 -1.072898e-02 9.998708e-01 1.197120e-02 -1.748129e+00 -6.646330e-03 -1.204294e-02 9.999055e-01 1.233169e+02
9.998995e-01 1.163586e-02 8.102802e-03 -1.050896e+00 -1.172621e-02 9.998686e-01 1.119424e-02 -1.759723e+00 -7.971484e-03 -1.128813e-02 9.999046e-01 1.246668e+02
9.998768e-01 1.279343e-02 9.090402e-03 -1.052670e+00 -1.288870e-02 9.998619e-01 1.050072e-02 -1.771531e+00 -8.954808e-03 -1.061659e-02 9.999036e-01 1.260017e+02
9.998797e-01 1.188509e-02 9.963004e-03 -1.050239e+00 -1.198844e-02 9.998743e-01 1.037865e-02 -1.783018e+00 -9.838402e-03 -1.049685e-02 9.998966e-01 1.273289e+02
9.998798e-01 1.099924e-02 1.092454e-02 -1.046490e+00 -1.112331e-02 9.998736e-01 1.136156e-02 -1.794347e+00 -1.079820e-02 -1.148171e-02 9.998759e-01 1.286577e+02
9.998795e-01 1.013321e-02 1.175873e-02 -1.040671e+00 -1.027837e-02 9.998710e-01 1.235098e-02 -1.803644e+00 -1.163206e-02 -1.247035e-02 9.998547e-01 1.299808e+02
9.998826e-01 9.374497e-03 1.211726e-02 -1.032771e+00 -9.532235e-03 9.998698e-01 1.302625e-02 -1.818014e+00 -1.199357e-02 -1.314023e-02 9.998418e-01 1.313157e+02
9.998991e-01 7.664005e-03 1.195769e-02 -1.024723e+00 -7.823355e-03 9.998805e-01 1.333689e-02 -1.828918e+00 -1.185405e-02 -1.342909e-02 9.998396e-01 1.326607e+02
9.999098e-01 6.284369e-03 1.187378e-02 -1.019481e+00 -6.451007e-03 9.998806e-01 1.404840e-02 -1.838555e+00 -1.178408e-02 -1.412373e-02 9.998309e-01 1.340098e+02
9.999278e-01 4.558607e-03 1.111968e-02 -1.007258e+00 -4.712470e-03 9.998930e-01 1.385039e-02 -1.851281e+00 -1.105536e-02 -1.390179e-02 9.998423e-01 1.353534e+02
9.999399e-01 5.100591e-03 9.704442e-03 -1.005987e+00 -5.236874e-03 9.998874e-01 1.407031e-02 -1.858128e+00 -9.631583e-03 -1.412029e-02 9.998540e-01 1.367022e+02
9.999551e-01 3.732157e-03 8.704759e-03 -9.971142e-01 -3.859567e-03 9.998851e-01 1.466649e-02 -1.864583e+00 -8.649022e-03 -1.469943e-02 9.998546e-01 1.380300e+02
9.999691e-01 2.067778e-03 7.584734e-03 -9.937602e-01 -2.184890e-03 9.998781e-01 1.546499e-02 -1.876259e+00 -7.551832e-03 -1.548108e-02 9.998517e-01 1.393654e+02
9.999789e-01 1.243771e-03 6.380318e-03 -9.916418e-01 -1.341848e-03 9.998807e-01 1.539088e-02 -1.888561e+00 -6.360416e-03 -1.539912e-02 9.998613e-01 1.407096e+02
9.999850e-01 1.579658e-03 5.242449e-03 -9.909414e-01 -1.658633e-03 9.998848e-01 1.509477e-02 -1.894439e+00 -5.218001e-03 -1.510324e-02 9.998724e-01 1.420456e+02
9.999906e-01 1.300404e-03 4.128451e-03 -9.942067e-01 -1.359822e-03 9.998951e-01 1.442249e-02 -1.898233e+00 -4.109264e-03 -1.442797e-02 9.998875e-01 1.433741e+02
9.999949e-01 -4.120829e-04 3.158348e-03 -9.940140e-01 3.734962e-04 9.999255e-01 1.220875e-02 -1.911696e+00 -3.163145e-03 -1.220751e-02 9.999206e-01 1.447078e+02
9.999897e-01 -4.080127e-03 2.001696e-03 -9.962618e-01 4.057139e-03 9.999273e-01 1.135798e-02 -1.923575e+00 -2.047894e-03 -1.134974e-02 9.999336e-01 1.460525e+02
9.999467e-01 -1.027657e-02 1.016724e-03 -9.912533e-01 1.026216e-02 9.998592e-01 1.328310e-02 -1.928159e+00 -1.153087e-03 -1.327196e-02 9.999113e-01 1.474056e+02
9.998468e-01 -1.749018e-02 -7.311647e-04 -9.845781e-01 1.749926e-02 9.997319e-01 1.516979e-02 -1.948123e+00 4.656448e-04 -1.518026e-02 9.998847e-01 1.487558e+02
9.997511e-01 -2.221733e-02 -2.051721e-03 -9.808080e-01 2.224370e-02 9.996563e-01 1.387551e-02 -1.973006e+00 1.742737e-03 -1.391769e-02 9.999017e-01 1.501022e+02
9.997715e-01 -2.132287e-02 -1.477745e-03 -9.905436e-01 2.133675e-02 9.997212e-01 1.011996e-02 -1.974406e+00 1.261545e-03 -1.014918e-02 9.999478e-01 1.514344e+02
9.998395e-01 -1.790340e-02 -6.139940e-04 -1.005434e+00 1.790750e-02 9.998117e-01 7.486634e-03 -1.975159e+00 4.798407e-04 -7.496427e-03 9.999719e-01 1.527641e+02
9.998662e-01 -1.635453e-02 3.251516e-04 -1.014828e+00 1.635177e-02 9.998406e-01 7.183656e-03 -1.985398e+00 -4.425866e-04 -7.177378e-03 9.999742e-01 1.540952e+02
9.998341e-01 -1.819788e-02 7.723402e-04 -1.018702e+00 1.818975e-02 9.997896e-01 9.482716e-03 -1.997362e+00 -9.447446e-04 -9.467094e-03 9.999548e-01 1.554243e+02
9.997436e-01 -2.260923e-02 1.260156e-03 -1.014143e+00 2.259184e-02 9.996675e-01 1.243434e-02 -2.018849e+00 -1.540869e-03 -1.240268e-02 9.999220e-01 1.567723e+02
9.996150e-01 -2.772455e-02 1.065069e-03 -1.009240e+00 2.770656e-02 9.995143e-01 1.426914e-02 -2.030770e+00 -1.460158e-03 -1.423414e-02 9.998977e-01 1.581192e+02
9.995610e-01 -2.960814e-02 1.038963e-03 -1.007651e+00 2.958914e-02 9.994485e-01 1.507356e-02 -2.046239e+00 -1.484692e-03 -1.503620e-02 9.998859e-01 1.594746e+02
9.995894e-01 -2.858631e-02 1.975145e-03 -1.007772e+00 2.855290e-02 9.994758e-01 1.526661e-02 -2.052045e+00 -2.410527e-03 -1.520394e-02 9.998816e-01 1.608167e+02
9.996902e-01 -2.468595e-02 3.182857e-03 -1.021311e+00 2.463657e-02 9.995882e-01 1.471823e-02 -2.057978e+00 -3.544881e-03 -1.463526e-02 9.998867e-01 1.621661e+02
9.997994e-01 -1.957644e-02 4.224751e-03 -1.030021e+00 1.952000e-02 9.997249e-01 1.300982e-02 -2.073851e+00 -4.478275e-03 -1.292474e-02 9.999065e-01 1.635302e+02
9.998651e-01 -1.565398e-02 4.968368e-03 -1.036272e+00 1.559552e-02 9.998112e-01 1.159471e-02 -2.080459e+00 -5.148935e-03 -1.151566e-02 9.999205e-01 1.649031e+02
9.998808e-01 -1.451308e-02 5.261929e-03 -1.041201e+00 1.444467e-02 9.998136e-01 1.281569e-02 -2.087293e+00 -5.446945e-03 -1.273815e-02 9.999041e-01 1.662857e+02
9.999034e-01 -1.293224e-02 5.086870e-03 -1.040184e+00 1.286977e-02 9.998437e-01 1.212610e-02 -2.103355e+00 -5.242894e-03 -1.205946e-02 9.999136e-01 1.676641e+02
9.999240e-01 -1.143557e-02 4.610397e-03 -1.046437e+00 1.138675e-02 9.998803e-01 1.047968e-02 -2.109995e+00 -4.729687e-03 -1.042639e-02 9.999345e-01 1.690119e+02
9.999528e-01 -8.846375e-03 4.012378e-03 -1.050867e+00 8.812897e-03 9.999269e-01 8.286385e-03 -2.119380e+00 -4.085390e-03 -8.250634e-03 9.999577e-01 1.703685e+02
9.999881e-01 -3.208464e-03 3.685706e-03 -1.057783e+00 3.183466e-03 9.999721e-01 6.768657e-03 -2.135150e+00 -3.707321e-03 -6.756843e-03 9.999704e-01 1.717270e+02
9.999897e-01 2.075086e-03 4.036908e-03 -1.067283e+00 -2.104538e-03 9.999712e-01 7.305646e-03 -2.137891e+00 -4.021633e-03 -7.314067e-03 9.999652e-01 1.730945e+02
9.999729e-01 5.549307e-03 4.831517e-03 -1.079479e+00 -5.593683e-03 9.999419e-01 9.220441e-03 -2.155494e+00 -4.780070e-03 -9.247217e-03 9.999459e-01 1.744678e+02
9.999602e-01 7.278625e-03 5.162039e-03 -1.089535e+00 -7.340477e-03 9.999003e-01 1.206633e-02 -2.173464e+00 -5.073700e-03 -1.210374e-02 9.999140e-01 1.758319e+02
9.999712e-01 6.194652e-03 4.390936e-03 -1.091505e+00 -6.254685e-03 9.998854e-01 1.379326e-02 -2.183626e+00 -4.304989e-03 -1.382032e-02 9.998953e-01 1.772208e+02
9.999910e-01 3.331961e-03 2.632897e-03 -1.092777e+00 -3.367600e-03 9.999012e-01 1.365041e-02 -2.192383e+00 -2.587156e-03 -1.365915e-02 9.999034e-01 1.786136e+02
9.999977e-01 2.062019e-03 5.709145e-04 -1.096894e+00 -2.067985e-03 9.999411e-01 1.065733e-02 -2.209344e+00 -5.489068e-04 -1.065849e-02 9.999431e-01 1.799942e+02
9.999919e-01 3.890532e-03 -1.015578e-03 -1.106283e+00 -3.884212e-03 9.999736e-01 6.150594e-03 -2.227244e+00 1.039479e-03 -6.146599e-03 9.999806e-01 1.813715e+02
9.999721e-01 7.290663e-03 -1.653565e-03 -1.123969e+00 -7.283980e-03 9.999655e-01 4.011560e-03 -2.222956e+00 1.682754e-03 -3.999403e-03 9.999907e-01 1.827383e+02
9.999171e-01 1.275225e-02 -1.755186e-03 -1.144531e+00 -1.274214e-02 9.999029e-01 5.656506e-03 -2.247640e+00 1.827147e-03 -5.633672e-03 9.999825e-01 1.841089e+02
9.999032e-01 1.380599e-02 -1.738143e-03 -1.159094e+00 -1.379068e-02 9.998685e-01 8.533748e-03 -2.261432e+00 1.855730e-03 -8.508951e-03 9.999622e-01 1.854851e+02
9.999301e-01 1.174698e-02 -1.322457e-03 -1.171311e+00 -1.173210e-02 9.998735e-01 1.074450e-02 -2.284143e+00 1.448504e-03 -1.072823e-02 9.999415e-01 1.868565e+02
9.999408e-01 1.079104e-02 -1.395914e-03 -1.184392e+00 -1.077429e-02 9.998759e-01 1.150082e-02 -2.295683e+00 1.519845e-03 -1.148510e-02 9.999330e-01 1.882774e+02
9.999522e-01 9.685612e-03 -1.310878e-03 -1.193615e+00 -9.669069e-03 9.998803e-01 1.208548e-02 -2.307407e+00 1.427775e-03 -1.207223e-02 9.999262e-01 1.896892e+02
9.999719e-01 7.383601e-03 -1.323883e-03 -1.200916e+00 -7.365909e-03 9.998897e-01 1.290356e-02 -2.315202e+00 1.419010e-03 -1.289345e-02 9.999159e-01 1.910925e+02
9.999879e-01 4.799768e-03 -1.103665e-03 -1.206658e+00 -4.784804e-03 9.999017e-01 1.318129e-02 -2.325195e+00 1.166822e-03 -1.317584e-02 9.999126e-01 1.924853e+02
9.999967e-01 2.452701e-03 -7.170498e-04 -1.211575e+00 -2.442186e-03 9.998946e-01 1.431251e-02 -2.331572e+00 7.520770e-04 -1.431071e-02 9.998974e-01 1.938740e+02
9.999989e-01 -1.463432e-03 -3.125195e-04 -1.214729e+00 1.468156e-03 9.998759e-01 1.568712e-02 -2.337474e+00 2.895222e-04 -1.568756e-02 9.998770e-01 1.952736e+02
9.999857e-01 -5.344841e-03 -7.495250e-05 -1.219314e+00 5.345354e-03 9.998535e-01 1.626225e-02 -2.353105e+00 -1.197915e-05 -1.626242e-02 9.998678e-01 1.966838e+02
9.999886e-01 -4.762603e-03 1.481956e-04 -1.227760e+00 4.760447e-03 9.999146e-01 1.217978e-02 -2.358359e+00 -2.061919e-04 -1.217894e-02 9.999259e-01 1.981336e+02
9.999986e-01 1.533360e-03 5.859596e-04 -1.246409e+00 -1.537560e-03 9.999727e-01 7.238051e-03 -2.365999e+00 -5.748466e-04 -7.238942e-03 9.999737e-01 1.995808e+02
9.999615e-01 8.627626e-03 1.597729e-03 -1.265552e+00 -8.636013e-03 9.999486e-01 5.319775e-03 -2.362527e+00 -1.551751e-03 -5.333368e-03 9.999847e-01 2.010160e+02
9.998821e-01 1.508552e-02 2.876505e-03 -1.288439e+00 -1.510901e-02 9.998512e-01 8.326159e-03 -2.359383e+00 -2.750474e-03 -8.368638e-03 9.999613e-01 2.024543e+02
9.998308e-01 1.798188e-02 3.870810e-03 -1.298757e+00 -1.802851e-02 9.997610e-01 1.236968e-02 -2.388183e+00 -3.647456e-03 -1.243738e-02 9.999161e-01 2.038891e+02
9.998677e-01 1.591457e-02 3.373657e-03 -1.302253e+00 -1.595831e-02 9.997834e-01 1.336243e-02 -2.408935e+00 -3.160271e-03 -1.341450e-02 9.999051e-01 2.053432e+02
9.999181e-01 1.260968e-02 2.190130e-03 -1.303950e+00 -1.263886e-02 9.998241e-01 1.386323e-02 -2.417682e+00 -2.014936e-03 -1.388977e-02 9.999016e-01 2.068007e+02
9.999406e-01 1.084701e-02 1.081860e-03 -1.302430e+00 -1.086060e-02 9.998504e-01 1.346606e-02 -2.429372e+00 -9.356330e-04 -1.347701e-02 9.999088e-01 2.082216e+02
9.999404e-01 1.090890e-02 3.549159e-04 -1.310471e+00 -1.091255e-02 9.998585e-01 1.280584e-02 -2.436512e+00 -2.151696e-04 -1.280895e-02 9.999180e-01 2.096586e+02
9.999195e-01 1.268503e-02 3.396746e-04 -1.320133e+00 -1.268836e-02 9.998360e-01 1.292545e-02 -2.443184e+00 -1.756608e-04 -1.292872e-02 9.999165e-01 2.111254e+02
9.998994e-01 1.418343e-02 2.413569e-04 -1.332466e+00 -1.418541e-02 9.998048e-01 1.376049e-02 -2.452181e+00 -4.614035e-05 -1.376253e-02 9.999054e-01 2.126212e+02
9.999095e-01 1.345181e-02 1.946338e-05 -1.342655e+00 -1.345084e-02 9.998177e-01 1.355479e-02 -2.466115e+00 1.628751e-04 -1.355383e-02 9.999082e-01 2.141089e+02
9.999179e-01 1.279981e-02 -5.650091e-04 -1.355810e+00 -1.279152e-02 9.998361e-01 1.281354e-02 -2.475513e+00 7.289258e-04 -1.280526e-02 9.999178e-01 2.155833e+02
9.999201e-01 1.261274e-02 -8.555794e-04 -1.364231e+00 -1.260115e-02 9.998435e-01 1.242012e-02 -2.480664e+00 1.012096e-03 -1.240835e-02 9.999226e-01 2.170399e+02
9.999129e-01 1.310675e-02 -1.557321e-03 -1.380538e+00 -1.308666e-02 9.998390e-01 1.227772e-02 -2.487738e+00 1.717989e-03 -1.225627e-02 9.999235e-01 2.184880e+02
9.999062e-01 1.356624e-02 -1.860532e-03 -1.392260e+00 -1.354297e-02 9.998364e-01 1.199796e-02 -2.501206e+00 2.022993e-03 -1.197164e-02 9.999264e-01 2.199847e+02
9.999142e-01 1.294078e-02 -2.047540e-03 -1.404660e+00 -1.291558e-02 9.998462e-01 1.187367e-02 -2.510686e+00 2.200878e-03 -1.184621e-02 9.999275e-01 2.214725e+02
9.998905e-01 1.456884e-02 -2.607953e-03 -1.421331e+00 -1.453711e-02 9.998248e-01 1.179489e-02 -2.522111e+00 2.779332e-03 -1.175569e-02 9.999271e-01 2.229699e+02
9.999075e-01 1.329787e-02 -2.870232e-03 -1.436670e+00 -1.326406e-02 9.998460e-01 1.149316e-02 -2.538128e+00 3.022623e-03 -1.145403e-02 9.999299e-01 2.244677e+02
9.998950e-01 1.408568e-02 -3.408605e-03 -1.452312e+00 -1.404511e-02 9.998336e-01 1.164538e-02 -2.540388e+00 3.572070e-03 -1.159629e-02 9.999265e-01 2.259564e+02
9.998861e-01 1.468994e-02 -3.455543e-03 -1.465632e+00 -1.464774e-02 9.998215e-01 1.193683e-02 -2.556130e+00 3.630276e-03 -1.188485e-02 9.999229e-01 2.274127e+02
9.998891e-01 1.449661e-02 -3.424303e-03 -1.479911e+00 -1.445573e-02 9.998274e-01 1.167414e-02 -2.571250e+00 3.592946e-03 -1.162335e-02 9.999261e-01 2.288763e+02
9.998946e-01 1.415040e-02 -3.259117e-03 -1.492866e+00 -1.411003e-02 9.998274e-01 1.209502e-02 -2.584308e+00 3.429702e-03 -1.204776e-02 9.999216e-01 2.303708e+02
9.999087e-01 1.313390e-02 -3.171474e-03 -1.504676e+00 -1.309202e-02 9.998314e-01 1.288244e-02 -2.597554e+00 3.340134e-03 -1.283974e-02 9.999121e-01 2.318754e+02
9.999067e-01 1.328142e-02 -3.188722e-03 -1.516979e+00 -1.323781e-02 9.998236e-01 1.332834e-02 -2.611328e+00 3.365177e-03 -1.328489e-02 9.999062e-01 2.333800e+02
9.998995e-01 1.376524e-02 -3.378477e-03 -1.534307e+00 -1.372033e-02 9.998218e-01 1.297333e-02 -2.623217e+00 3.556454e-03 -1.292567e-02 9.999102e-01 2.348795e+02
9.998828e-01 1.504325e-02 -2.850463e-03 -1.547439e+00 -1.500630e-02 9.998084e-01 1.257064e-02 -2.632748e+00 3.039018e-03 -1.252639e-02 9.999170e-01 2.363718e+02
9.998636e-01 1.631510e-02 -2.565179e-03 -1.566580e+00 -1.628008e-02 9.997813e-01 1.312785e-02 -2.640541e+00 2.778799e-03 -1.308430e-02 9.999106e-01 2.378729e+02
9.998625e-01 1.645556e-02 -2.040459e-03 -1.579206e+00 -1.642317e-02 9.997529e-01 1.498374e-02 -2.645293e+00 2.286519e-03 -1.494817e-02 9.998857e-01 2.393705e+02
9.998740e-01 1.579994e-02 -1.519405e-03 -1.588376e+00 -1.577427e-02 9.997534e-01 1.563378e-02 -2.655167e+00 1.766041e-03 -1.560784e-02 9.998767e-01 2.408774e+02
9.998610e-01 1.663182e-02 -1.196847e-03 -1.600314e+00 -1.661338e-02 9.997633e-01 1.404859e-02 -2.662754e+00 1.430216e-03 -1.402675e-02 9.999007e-01 2.423814e+02
9.998653e-01 1.640589e-02 -4.094067e-04 -1.611534e+00 -1.639908e-02 9.997790e-01 1.315616e-02 -2.669449e+00 6.251531e-04 -1.314767e-02 9.999135e-01 2.438879e+02
9.998463e-01 1.752926e-02 -3.010079e-04 -1.625651e+00 -1.752373e-02 9.997586e-01 1.325573e-02 -2.675433e+00 5.332968e-04 -1.324841e-02 9.999122e-01 2.454296e+02
9.998473e-01 1.746869e-02 -3.594008e-04 -1.636742e+00 -1.746196e-02 9.997498e-01 1.398116e-02 -2.684933e+00 6.035417e-04 -1.397275e-02 9.999023e-01 2.469632e+02
9.998504e-01 1.729192e-02 -4.795755e-04 -1.645467e+00 -1.728271e-02 9.997369e-01 1.508642e-02 -2.691989e+00 7.403208e-04 -1.507587e-02 9.998862e-01 2.484844e+02
9.998336e-01 1.822697e-02 -7.138368e-04 -1.655198e+00 -1.821350e-02 9.997107e-01 1.571494e-02 -2.703187e+00 1.000064e-03 -1.569932e-02 9.998763e-01 2.500008e+02
9.998143e-01 1.925832e-02 -7.230699e-04 -1.665809e+00 -1.924439e-02 9.996884e-01 1.590154e-02 -2.702724e+00 1.029080e-03 -1.588467e-02 9.998734e-01 2.515166e+02
9.997834e-01 2.080144e-02 -6.058820e-04 -1.678691e+00 -2.078908e-02 9.996558e-01 1.600550e-02 -2.711581e+00 9.386093e-04 -1.598944e-02 9.998718e-01 2.530431e+02
9.997668e-01 2.159106e-02 -3.909843e-04 -1.688635e+00 -2.158194e-02 9.996369e-01 1.613746e-02 -2.713461e+00 7.392656e-04 -1.612526e-02 9.998698e-01 2.545829e+02
9.997978e-01 2.010158e-02 -5.455064e-04 -1.700752e+00 -2.008980e-02 9.996612e-01 1.655337e-02 -2.722442e+00 8.780689e-04 -1.653906e-02 9.998629e-01 2.561176e+02
9.998216e-01 1.887210e-02 -7.802576e-04 -1.710878e+00 -1.885567e-02 9.996709e-01 1.739729e-02 -2.723142e+00 1.108323e-03 -1.737948e-02 9.998484e-01 2.576595e+02
9.998632e-01 1.652397e-02 -6.755316e-04 -1.715923e+00 -1.650867e-02 9.996931e-01 1.847600e-02 -2.734340e+00 9.806195e-04 -1.846232e-02 9.998292e-01 2.591990e+02
9.998933e-01 1.456644e-02 -1.092117e-03 -1.730353e+00 -1.454433e-02 9.997309e-01 1.807528e-02 -2.744495e+00 1.355114e-03 -1.805746e-02 9.998361e-01 2.607238e+02
9.998997e-01 1.411452e-02 -1.182686e-03 -1.738339e+00 -1.409208e-02 9.997526e-01 1.721426e-02 -2.751640e+00 1.425363e-03 -1.719587e-02 9.998512e-01 2.622548e+02
9.999215e-01 1.250037e-02 -8.860184e-04 -1.746990e+00 -1.248200e-02 9.997535e-01 1.836379e-02 -2.753763e+00 1.115353e-03 -1.835129e-02 9.998311e-01 2.637972e+02
9.999462e-01 1.036256e-02 -5.098168e-04 -1.756012e+00 -1.035008e-02 9.997405e-01 2.029498e-02 -2.748210e+00 7.199910e-04 -2.028861e-02 9.997940e-01 2.653488e+02
9.999602e-01 8.910373e-03 -3.275678e-04 -1.763647e+00 -8.901927e-03 9.997560e-01 2.021897e-02 -2.760436e+00 5.076448e-04 -2.021525e-02 9.997956e-01 2.668921e+02
9.999637e-01 8.514110e-03 -1.910674e-04 -1.772977e+00 -8.508808e-03 9.997761e-01 1.937860e-02 -2.760541e+00 3.560146e-04 -1.937627e-02 9.998123e-01 2.684364e+02
9.999518e-01 9.792070e-03 7.159157e-04 -1.780557e+00 -9.803987e-03 9.997685e-01 1.915544e-02 -2.752974e+00 -5.281801e-04 -1.916154e-02 9.998163e-01 2.699732e+02
9.999333e-01 1.144316e-02 1.551628e-03 -1.798331e+00 -1.147112e-02 9.997461e-01 1.939790e-02 -2.752484e+00 -1.329263e-03 -1.941441e-02 9.998107e-01 2.715112e+02
9.999157e-01 1.271917e-02 2.591216e-03 -1.808266e+00 -1.276612e-02 9.997382e-01 1.898912e-02 -2.754772e+00 -2.349013e-03 -1.902060e-02 9.998164e-01 2.730554e+02
9.998975e-01 1.391979e-02 3.359023e-03 -1.818813e+00 -1.398092e-02 9.997233e-01 1.891870e-02 -2.754671e+00 -3.094751e-03 -1.896372e-02 9.998155e-01 2.746154e+02
9.998909e-01 1.418206e-02 4.130169e-03 -1.828419e+00 -1.425738e-02 9.997213e-01 1.881762e-02 -2.753635e+00 -3.862147e-03 -1.887445e-02 9.998145e-01 2.761683e+02
9.998811e-01 1.454404e-02 5.118358e-03 -1.829529e+00 -1.463575e-02 9.997243e-01 1.836240e-02 -2.760715e+00 -4.849885e-03 -1.843513e-02 9.998184e-01 2.777271e+02
9.998818e-01 1.420745e-02 5.870381e-03 -1.834059e+00 -1.431001e-02 9.997390e-01 1.781405e-02 -2.761283e+00 -5.615758e-03 -1.789595e-02 9.998242e-01 2.792777e+02
9.998793e-01 1.404134e-02 6.650984e-03 -1.834025e+00 -1.415796e-02 9.997409e-01 1.782458e-02 -2.762015e+00 -6.398982e-03 -1.791659e-02 9.998191e-01 2.808186e+02
9.998883e-01 1.299094e-02 7.392690e-03 -1.830241e+00 -1.313119e-02 9.997285e-01 1.925004e-02 -2.755404e+00 -7.140608e-03 -1.934496e-02 9.997875e-01 2.823553e+02
9.999059e-01 1.151893e-02 7.445397e-03 -1.834056e+00 -1.166475e-02 9.997350e-01 1.984777e-02 -2.760490e+00 -7.214800e-03 -1.993276e-02 9.997754e-01 2.838852e+02
9.999164e-01 1.038349e-02 7.699309e-03 -1.827796e+00 -1.052272e-02 9.997778e-01 1.826812e-02 -2.769432e+00 -7.507912e-03 -1.834761e-02 9.998036e-01 2.854263e+02
9.999188e-01 1.034860e-02 7.434650e-03 -1.825742e+00 -1.046443e-02 9.998218e-01 1.571471e-02 -2.769606e+00 -7.270702e-03 -1.579124e-02 9.998490e-01 2.869648e+02
9.999231e-01 1.048841e-02 6.616813e-03 -1.824832e+00 -1.058695e-02 9.998309e-01 1.503755e-02 -2.760644e+00 -6.457976e-03 -1.510645e-02 9.998651e-01 2.885189e+02
9.999353e-01 9.738194e-03 5.870491e-03 -1.823411e+00 -9.829159e-03 9.998289e-01 1.567115e-02 -2.766501e+00 -5.716880e-03 -1.572784e-02 9.998600e-01 2.900679e+02
9.999388e-01 1.032379e-02 3.982487e-03 -1.832972e+00 -1.038348e-02 9.998295e-01 1.527207e-02 -2.783281e+00 -3.824144e-03 -1.531249e-02 9.998755e-01 2.916228e+02
9.999426e-01 9.519164e-03 4.906715e-03 -1.816902e+00 -9.595452e-03 9.998297e-01 1.576634e-02 -2.778684e+00 -4.755798e-03 -1.581252e-02 9.998637e-01 2.931803e+02
9.999442e-01 9.513067e-03 4.585647e-03 -1.826470e+00 -9.586729e-03 9.998209e-01 1.631888e-02 -2.780962e+00 -4.429585e-03 -1.636193e-02 9.998564e-01 2.947472e+02
9.999518e-01 9.214297e-03 3.375776e-03 -1.837819e+00 -9.268744e-03 9.998212e-01 1.648517e-02 -2.788349e+00 -3.223274e-03 -1.651566e-02 9.998585e-01 2.963062e+02
9.999514e-01 9.524430e-03 2.556215e-03 -1.838551e+00 -9.568826e-03 9.997930e-01 1.795789e-02 -2.785428e+00 -2.384649e-03 -1.798148e-02 9.998356e-01 2.978671e+02
9.999444e-01 1.041692e-02 1.643851e-03 -1.851577e+00 -1.044684e-02 9.997576e-01 1.938476e-02 -2.789488e+00 -1.441524e-03 -1.940085e-02 9.998108e-01 2.994344e+02
9.999394e-01 1.079983e-02 2.149690e-03 -1.853125e+00 -1.084000e-02 9.997483e-01 1.964361e-02 -2.791751e+00 -1.937003e-03 -1.966572e-02 9.998048e-01 3.010141e+02
9.999269e-01 1.159151e-02 3.427257e-03 -1.859004e+00 -1.165604e-02 9.997430e-01 1.944953e-02 -2.790032e+00 -3.200928e-03 -1.948806e-02 9.998050e-01 3.025911e+02
9.999381e-01 1.046980e-02 3.771667e-03 -1.876100e+00 -1.054077e-02 9.997579e-01 1.931593e-02 -2.783572e+00 -3.568521e-03 -1.935449e-02 9.998064e-01 3.041757e+02
9.999515e-01 8.823194e-03 4.381537e-03 -1.880185e+00 -8.903174e-03 9.997877e-01 1.858340e-02 -2.783398e+00 -4.216643e-03 -1.862151e-02 9.998178e-01 3.057767e+02
9.999623e-01 7.375644e-03 4.590387e-03 -1.881433e+00 -7.452695e-03 9.998278e-01 1.700133e-02 -2.786969e+00 -4.464202e-03 -1.703490e-02 9.998450e-01 3.073796e+02
9.999628e-01 7.038179e-03 4.982268e-03 -1.879008e+00 -7.116468e-03 9.998487e-01 1.587452e-02 -2.786586e+00 -4.869788e-03 -1.590938e-02 9.998617e-01 3.089916e+02
9.999629e-01 8.229372e-03 2.538434e-03 -1.892604e+00 -8.267264e-03 9.998489e-01 1.529761e-02 -2.793479e+00 -2.412162e-03 -1.531803e-02 9.998798e-01 3.106118e+02
9.999587e-01 9.078706e-03 5.015995e-04 -1.896432e+00 -9.085500e-03 9.998338e-01 1.580765e-02 -2.793430e+00 -3.580047e-04 -1.581156e-02 9.998750e-01 3.122167e+02
9.999471e-01 1.028161e-02 1.227649e-04 -1.897606e+00 -1.028211e-02 9.997729e-01 1.867024e-02 -2.780192e+00 6.922158e-05 -1.867052e-02 9.998258e-01 3.138253e+02
9.999559e-01 9.353717e-03 8.576438e-04 -1.905589e+00 -9.370713e-03 9.997007e-01 2.260314e-02 -2.787323e+00 -6.459652e-04 -2.261018e-02 9.997442e-01 3.154466e+02
9.999625e-01 8.512282e-03 1.602104e-03 -1.915143e+00 -8.548178e-03 9.996774e-01 2.392070e-02 -2.785159e+00 -1.397969e-03 -2.393350e-02 9.997127e-01 3.170754e+02
9.999689e-01 7.671769e-03 1.845482e-03 -1.921683e+00 -7.712054e-03 9.997077e-01 2.291514e-02 -2.783807e+00 -1.669144e-03 -2.292866e-02 9.997358e-01 3.187133e+02
9.999731e-01 7.020858e-03 2.125568e-03 -1.925243e+00 -7.065775e-03 9.997348e-01 2.191934e-02 -2.767378e+00 -1.971113e-03 -2.193377e-02 9.997576e-01 3.203483e+02
9.999731e-01 6.930674e-03 2.389618e-03 -1.932910e+00 -6.981953e-03 9.997300e-01 2.216475e-02 -2.759578e+00 -2.235358e-03 -2.218084e-02 9.997516e-01 3.219846e+02
9.999731e-01 6.860674e-03 2.593968e-03 -1.938435e+00 -6.917819e-03 9.997184e-01 2.270361e-02 -2.763645e+00 -2.437476e-03 -2.272095e-02 9.997390e-01 3.236053e+02
9.999596e-01 8.242963e-03 3.588056e-03 -1.933844e+00 -8.321041e-03 9.997163e-01 2.231932e-02 -2.764882e+00 -3.403062e-03 -2.234828e-02 9.997445e-01 3.252222e+02
9.999501e-01 9.122391e-03 4.070087e-03 -1.945082e+00 -9.207466e-03 9.997287e-01 2.139826e-02 -2.763733e+00 -3.873781e-03 -2.143467e-02 9.997628e-01 3.268469e+02
9.999502e-01 8.466716e-03 5.274848e-03 -1.942997e+00 -8.583880e-03 9.997078e-01 2.260030e-02 -2.758215e+00 -5.081958e-03 -2.264446e-02 9.997307e-01 3.284796e+02
9.999604e-01 6.905377e-03 5.606032e-03 -1.946452e+00 -7.038560e-03 9.996849e-01 2.409586e-02 -2.758754e+00 -5.437876e-03 -2.413436e-02 9.996940e-01 3.301048e+02
9.999647e-01 6.585228e-03 5.217433e-03 -1.952416e+00 -6.705876e-03 9.997025e-01 2.345448e-02 -2.760219e+00 -5.061429e-03 -2.348864e-02 9.997114e-01 3.317259e+02
9.999568e-01 7.571741e-03 5.381458e-03 -1.943127e+00 -7.696317e-03 9.996938e-01 2.351853e-02 -2.757203e+00 -5.201735e-03 -2.355893e-02 9.997090e-01 3.333497e+02
9.999482e-01 8.766016e-03 5.179305e-03 -1.952449e+00 -8.876824e-03 9.997236e-01 2.177368e-02 -2.746396e+00 -4.987007e-03 -2.181853e-02 9.997496e-01 3.349473e+02
9.999192e-01 1.174771e-02 4.848541e-03 -1.957276e+00 -1.183892e-02 9.997450e-01 1.923336e-02 -2.755886e+00 -4.621358e-03 -1.928921e-02 9.998033e-01 3.365492e+02
9.999110e-01 1.272323e-02 4.021971e-03 -1.969974e+00 -1.279935e-02 9.997279e-01 1.950571e-02 -2.732110e+00 -3.772702e-03 -1.955545e-02 9.998017e-01 3.381637e+02
9.999042e-01 1.345464e-02 3.235480e-03 -1.977609e+00 -1.352220e-02 9.996698e-01 2.185261e-02 -2.733680e+00 -2.940394e-03 -2.189426e-02 9.997560e-01 3.397721e+02
9.998883e-01 1.469228e-02 2.751915e-03 -1.979734e+00 -1.475621e-02 9.995820e-01 2.486481e-02 -2.729229e+00 -2.385445e-03 -2.490263e-02 9.996871e-01 3.413904e+02
9.998807e-01 1.536273e-02 1.622655e-03 -1.989606e+00 -1.539821e-02 9.995748e-01 2.476559e-02 -2.733096e+00 -1.241500e-03 -2.478762e-02 9.996920e-01 3.429970e+02
9.998871e-01 1.502547e-02 -5.543728e-05 -2.005788e+00 -1.502009e-02 9.996151e-01 2.332793e-02 -2.724637e+00 4.059275e-04 -2.332446e-02 9.997279e-01 3.446011e+02
9.998998e-01 1.397867e-02 -2.221305e-03 -2.024281e+00 -1.392231e-02 9.996238e-01 2.363499e-02 -2.702774e+00 2.550853e-03 -2.360170e-02 9.997183e-01 3.462022e+02
9.999116e-01 1.278785e-02 -3.650691e-03 -2.035257e+00 -1.269327e-02 9.996106e-01 2.485059e-02 -2.704842e+00 3.967053e-03 -2.480206e-02 9.996846e-01 3.478006e+02
9.999220e-01 1.191267e-02 -3.741593e-03 -2.036376e+00 -1.181707e-02 9.996274e-01 2.460842e-02 -2.715441e+00 4.033349e-03 -2.456229e-02 9.996902e-01 3.493908e+02
9.999256e-01 1.142840e-02 -4.268185e-03 -2.048299e+00 -1.132248e-02 9.996463e-01 2.406497e-02 -2.714054e+00 4.541698e-03 -2.401485e-02 9.997014e-01 3.509929e+02
9.999316e-01 1.096402e-02 -4.076879e-03 -2.070396e+00 -1.086474e-02 9.996619e-01 2.362374e-02 -2.703374e+00 4.334511e-03 -2.357783e-02 9.997127e-01 3.525815e+02
9.999377e-01 1.039604e-02 -4.054737e-03 -2.090390e+00 -1.029806e-02 9.996714e-01 2.347773e-02 -2.700032e+00 4.297478e-03 -2.343451e-02 9.997162e-01 3.541833e+02
