1.000000e+00 -1.734723e-18 -6.776264e-21 8.673617e-19 0.000000e+00 1.000000e+00 8.673617e-19 1.387779e-17 -1.965116e-19 -8.673617e-19 1.000000e+00 5.551115e-17
9.999998e-01 -5.366531e-04 -4.073897e-04 6.738540e-04 5.371168e-04 9.999992e-01 1.137980e-03 -2.427095e-02 4.067787e-04 -1.138198e-03 9.999993e-01 1.310783e+00
9.999982e-01 -1.909945e-03 -1.649163e-04 -1.044678e-02 1.910215e-03 9.999968e-01 1.654689e-03 -4.476535e-02 1.617554e-04 -1.655002e-03 9.999986e-01 2.616548e+00
9.999955e-01 -2.950941e-03 -4.467663e-04 -1.636054e-02 2.951458e-03 9.999950e-01 1.158912e-03 -7.571100e-02 4.433443e-04 -1.160224e-03 9.999992e-01 3.927598e+00
9.999950e-01 -3.159229e-03 -2.129240e-05 -2.072768e-02 3.159257e-03 9.999940e-01 1.449217e-03 -9.167059e-02 1.671374e-05 -1.449277e-03 9.999990e-01 5.246813e+00
9.999938e-01 -3.529020e-03 -1.714834e-04 -3.450869e-02 3.529339e-03 9.999920e-01 1.892556e-03 -1.104413e-01 1.648031e-04 -1.893150e-03 9.999982e-01 6.580032e+00
9.999893e-01 -4.610431e-03 -3.228778e-04 -4.297095e-02 4.611459e-03 9.999840e-01 3.261012e-03 -1.362333e-01 3.078379e-04 -3.262467e-03 9.999947e-01 7.908453e+00
9.999869e-01 -5.115106e-03 -8.352466e-05 -4.146485e-02 5.115406e-03 9.999785e-01 4.095838e-03 -1.624577e-01 6.257226e-05 -4.096212e-03 9.999916e-01 9.219774e+00
9.999912e-01 -4.176745e-03 -3.864983e-04 -5.922697e-02 4.177979e-03 9.999860e-01 3.248229e-03 -1.928241e-01 3.729259e-04 -3.249816e-03 9.999947e-01 1.054241e+01
9.999983e-01 -1.828185e-03 -1.133476e-05 -6.592878e-02 1.828200e-03 9.999972e-01 1.508022e-03 -2.126325e-01 8.577600e-06 -1.508041e-03 9.999989e-01 1.186872e+01
9.999990e-01 1.425818e-03 6.431130e-05 -8.222744e-02 -1.425845e-03 9.999989e-01 4.213685e-04 -2.364544e-01 -6.371049e-05 -4.214601e-04 9.999999e-01 1.321708e+01
9.999930e-01 3.751549e-03 -2.896232e-06 -9.460708e-02 -3.751547e-03 9.999928e-01 4.752252e-04 -2.564673e-01 4.679189e-06 -4.752108e-04 9.999999e-01 1.455792e+01
9.999922e-01 3.896830e-03 6.492632e-04 -1.025769e-01 -3.897645e-03 9.999916e-01 1.257965e-03 -2.833105e-01 -6.443558e-04 -1.260486e-03 9.999990e-01 1.590072e+01
9.999970e-01 2.380057e-03 5.791444e-04 -1.123165e-01 -2.382171e-03 9.999904e-01 3.676829e-03 -3.018157e-01 -5.703877e-04 -3.678198e-03 9.999931e-01 1.725655e+01
9.999988e-01 -1.300663e-03 9.164768e-04 -1.096779e-01 1.295122e-03 9.999810e-01 6.020151e-03 -3.307922e-01 -9.242896e-04 -6.018957e-03 9.999814e-01 1.860338e+01
9.999907e-01 -4.272166e-03 6.729729e-04 -1.157556e-01 4.268590e-03 9.999772e-01 5.228628e-03 -3.697156e-01 -6.952951e-04 -5.225707e-03 9.999861e-01 1.995250e+01
9.999894e-01 -4.560362e-03 6.870136e-04 -1.145296e-01 4.558991e-03 9.999876e-01 1.984201e-03 -3.750512e-01 -6.960539e-04 -1.981048e-03 9.999978e-01 2.129698e+01
9.999953e-01 -2.983272e-03 6.771985e-04 -1.284710e-01 2.982704e-03 9.999952e-01 8.381001e-04 -4.075221e-01 -6.796956e-04 -8.360766e-04 9.999994e-01 2.265918e+01
9.999989e-01 -3.697572e-04 1.456833e-03 -1.355349e-01 3.660255e-04 9.999966e-01 2.560523e-03 -4.106835e-01 -1.457775e-03 -2.559988e-03 9.999957e-01 2.402100e+01
9.999968e-01 3.540501e-04 2.505705e-03 -1.399163e-01 -3.692884e-04 9.999814e-01 6.083538e-03 -4.276176e-01 -2.503505e-03 -6.084444e-03 9.999784e-01 2.539410e+01
9.999945e-01 -2.137338e-03 2.529413e-03 -1.553142e-01 2.118564e-03 9.999703e-01 7.401849e-03 -4.541567e-01 -2.545159e-03 -7.396450e-03 9.999694e-01 2.676945e+01
9.999836e-01 -4.963572e-03 2.860327e-03 -1.534404e-01 4.941759e-03 9.999590e-01 7.583357e-03 -4.863946e-01 -2.897850e-03 -7.569098e-03 9.999672e-01 2.813982e+01
9.999794e-01 -5.850549e-03 2.657288e-03 -1.604933e-01 5.839100e-03 9.999737e-01 4.295989e-03 -4.906344e-01 -2.682352e-03 -4.280385e-03 9.999872e-01 2.949344e+01
9.999751e-01 -6.202495e-03 3.373816e-03 -1.614274e-01 6.195880e-03 9.999788e-01 1.967628e-03 -5.159309e-01 -3.385949e-03 -1.946676e-03 9.999924e-01 3.085837e+01
9.999849e-01 -3.898855e-03 3.878675e-03 -1.800304e-01 3.895883e-03 9.999921e-01 7.732588e-04 -5.233697e-01 -3.881660e-03 -7.581368e-04 9.999922e-01 3.222792e+01
9.999867e-01 -2.573880e-03 4.460292e-03 -1.876666e-01 2.575678e-03 9.999966e-01 -3.973455e-04 -5.530648e-01 -4.459255e-03 4.088281e-04 9.999900e-01 3.361265e+01
9.999853e-01 -2.049147e-03 5.033452e-03 -1.892104e-01 2.052604e-03 9.999976e-01 -6.816122e-04 -5.749594e-01 -5.032044e-03 6.919340e-04 9.999871e-01 3.500712e+01
9.999868e-01 -2.636938e-03 4.408978e-03 -1.923375e-01 2.633245e-03 9.999962e-01 8.430600e-04 -6.021539e-01 -4.411184e-03 -8.314394e-04 9.999900e-01 3.639980e+01
9.999899e-01 -1.182299e-03 4.342357e-03 -1.947573e-01 1.171642e-03 9.999963e-01 2.455892e-03 -6.281152e-01 -4.345245e-03 -2.450779e-03 9.999876e-01 3.780255e+01
9.999917e-01 9.469184e-04 3.967640e-03 -2.085191e-01 -9.581465e-04 9.999955e-01 2.828830e-03 -6.545184e-01 -3.964944e-03 -2.832609e-03 9.999882e-01 3.919580e+01
9.999847e-01 3.553218e-03 4.241845e-03 -2.224915e-01 -3.564880e-03 9.999898e-01 2.744655e-03 -6.761233e-01 -4.232050e-03 -2.759735e-03 9.999873e-01 4.058279e+01
9.999728e-01 5.472882e-03 4.951090e-03 -2.385025e-01 -5.487375e-03 9.999807e-01 2.918466e-03 -6.948812e-01 -4.935022e-03 -2.945556e-03 9.999835e-01 4.197722e+01
9.999692e-01 6.569873e-03 4.301957e-03 -2.620947e-01 -6.583967e-03 9.999729e-01 3.270099e-03 -7.167063e-01 -4.280357e-03 -3.298323e-03 9.999855e-01 4.337807e+01
9.999733e-01 5.896558e-03 4.313157e-03 -2.670075e-01 -5.911763e-03 9.999763e-01 3.521104e-03 -7.424472e-01 -4.292293e-03 -3.546508e-03 9.999845e-01 4.479240e+01
9.999834e-01 4.623625e-03 3.449539e-03 -2.717950e-01 -4.632716e-03 9.999857e-01 2.631970e-03 -7.660850e-01 -3.437321e-03 -2.647908e-03 9.999907e-01 4.619488e+01
9.999892e-01 3.856714e-03 2.603924e-03 -2.778284e-01 -3.863789e-03 9.999888e-01 2.717882e-03 -7.856449e-01 -2.593413e-03 -2.727915e-03 9.999930e-01 4.761261e+01
9.999909e-01 4.078012e-03 1.257367e-03 -2.929230e-01 -4.082825e-03 9.999842e-01 3.849034e-03 -8.057948e-01 -1.241651e-03 -3.854134e-03 9.999918e-01 4.903584e+01
9.999885e-01 4.792650e-03 3.391277e-04 -2.973170e-01 -4.794099e-03 9.999788e-01 4.407023e-03 -8.339213e-01 -3.179992e-04 -4.408598e-03 9.999903e-01 5.044984e+01
9.999865e-01 5.162886e-03 -5.419496e-04 -3.098077e-01 -5.160279e-03 9.999756e-01 4.707314e-03 -8.551793e-01 5.662399e-04 -4.704455e-03 9.999889e-01 5.187476e+01
9.999865e-01 4.907423e-03 -1.679293e-03 -3.297659e-01 -4.897860e-03 9.999720e-01 5.652418e-03 -8.683460e-01 1.706986e-03 -5.644119e-03 9.999827e-01 5.328800e+01
9.999911e-01 3.505509e-03 -2.348906e-03 -3.369310e-01 -3.489664e-03 9.999713e-01 6.716469e-03 -8.909317e-01 2.372384e-03 -6.708214e-03 9.999748e-01 5.472315e+01
9.999929e-01 2.347449e-03 -2.941025e-03 -3.450826e-01 -2.327080e-03 9.999733e-01 6.910744e-03 -9.129408e-01 2.957170e-03 -6.903853e-03 9.999719e-01 5.614394e+01
9.999931e-01 5.181407e-04 -3.682526e-03 -3.523557e-01 -4.949568e-04 9.999800e-01 6.293964e-03 -9.354846e-01 3.685713e-03 -6.292100e-03 9.999735e-01 5.756217e+01
9.999921e-01 -1.251277e-03 -3.781500e-03 -3.600851e-01 1.275934e-03 9.999778e-01 6.525351e-03 -9.519691e-01 3.773252e-03 -6.530126e-03 9.999716e-01 5.899833e+01
9.999919e-01 -2.193826e-03 -3.378495e-03 -3.727365e-01 2.218982e-03 9.999696e-01 7.460539e-03 -9.721550e-01 3.362026e-03 -7.467977e-03 9.999665e-01 6.043003e+01
9.999895e-01 -3.435589e-03 -3.041990e-03 -3.843427e-01 3.461107e-03 9.999584e-01 8.423781e-03 -9.955650e-01 3.012923e-03 -8.434223e-03 9.999599e-01 6.185379e+01
9.999822e-01 -5.315684e-03 -2.702290e-03 -3.949288e-01 5.337257e-03 9.999534e-01 8.039957e-03 -1.023461e+00 2.659426e-03 -8.054239e-03 9.999641e-01 6.328435e+01
9.999770e-01 -6.438263e-03 -2.151903e-03 -4.064174e-01 6.454182e-03 9.999512e-01 7.475091e-03 -1.038768e+00 2.103671e-03 -7.488810e-03 9.999698e-01 6.470549e+01
9.999773e-01 -6.593669e-03 -1.408254e-03 -4.173208e-01 6.604001e-03 9.999502e-01 7.464478e-03 -1.053773e+00 1.358966e-03 -7.473611e-03 9.999712e-01 6.611546e+01
9.999921e-01 -3.816907e-03 -1.075082e-03 -4.244734e-01 3.824770e-03 9.999651e-01 7.411623e-03 -1.072778e+00 1.046755e-03 -7.415679e-03 9.999720e-01 6.752859e+01
9.999975e-01 -2.246746e-03 -2.589245e-04 -4.405060e-01 2.248778e-03 9.999642e-01 8.144098e-03 -1.092542e+00 2.406176e-04 -8.144662e-03 9.999668e-01 6.894763e+01
9.999999e-01 4.369765e-04 2.518692e-04 -4.557982e-01 -4.393550e-04 9.999546e-01 9.513020e-03 -1.107372e+00 -2.477010e-04 -9.513132e-03 9.999548e-01 7.037393e+01
9.999915e-01 3.994900e-03 1.023848e-03 -4.688457e-01 -4.005583e-03 9.999352e-01 1.065088e-02 -1.125238e+00 -9.812331e-04 -1.065490e-02 9.999428e-01 7.178586e+01
9.999667e-01 8.037891e-03 1.420908e-03 -4.834790e-01 -8.052351e-03 9.999125e-01 1.048081e-02 -1.146218e+00 -1.336541e-03 -1.049190e-02 9.999442e-01 7.318861e+01
9.999348e-01 1.122346e-02 2.140323e-03 -4.920153e-01 -1.124378e-02 9.998893e-01 9.732667e-03 -1.162396e+00 -2.030852e-03 -9.756100e-03 9.999504e-01 7.458264e+01
9.999225e-01 1.208274e-02 2.993011e-03 -5.048419e-01 -1.211220e-02 9.998762e-01 1.002886e-02 -1.171931e+00 -2.871466e-03 -1.006433e-02 9.999453e-01 7.597061e+01
9.999092e-01 1.307007e-02 3.284554e-03 -5.152108e-01 -1.310258e-02 9.998632e-01 1.008157e-02 -1.196281e+00 -3.152339e-03 -1.012369e-02 9.999438e-01 7.735458e+01
9.999317e-01 1.119980e-02 3.362233e-03 -5.163083e-01 -1.123362e-02 9.998847e-01 1.021355e-02 -1.211970e+00 -3.247456e-03 -1.025063e-02 9.999423e-01 7.874286e+01
9.999215e-01 1.217855e-02 2.975322e-03 -5.200050e-01 -1.220507e-02 9.998843e-01 9.062580e-03 -1.234572e+00 -2.864610e-03 -9.098185e-03 9.999545e-01 8.013804e+01
9.999308e-01 1.143034e-02 2.818426e-03 -5.247202e-01 -1.145670e-02 9.998890e-01 9.519801e-03 -1.252297e+00 -2.709299e-03 -9.551433e-03 9.999508e-01 8.153096e+01
9.999421e-01 1.045515e-02 2.544211e-03 -5.281010e-01 -1.047932e-02 9.998982e-01 9.677347e-03 -1.267809e+00 -2.442775e-03 -9.703451e-03 9.999500e-01 8.293264e+01
9.999463e-01 1.018120e-02 1.935688e-03 -5.391313e-01 -1.019919e-02 9.999026e-01 9.523550e-03 -1.290362e+00 -1.838539e-03 -9.542784e-03 9.999528e-01 8.432563e+01
9.999494e-01 9.999612e-03 1.109455e-03 -5.471830e-01 -1.001014e-02 9.999005e-01 9.927431e-03 -1.299541e+00 -1.010075e-03 -9.938037e-03 9.999502e-01 8.567744e+01
9.999547e-01 9.529782e-03 7.065455e-05 -5.587479e-01 -9.529998e-03 9.998982e-01 1.061144e-02 -1.316088e+00 3.047716e-05 -1.061164e-02 9.999437e-01 8.701290e+01
9.999640e-01 8.412950e-03 -1.178033e-03 -5.671687e-01 -8.398721e-03 9.998972e-01 1.160702e-02 -1.333630e+00 1.275561e-03 -1.159671e-02 9.999320e-01 8.833749e+01
9.999757e-01 6.568776e-03 -2.349517e-03 -5.759035e-01 -6.540109e-03 9.999064e-01 1.200956e-02 -1.347061e+00 2.428185e-03 -1.199390e-02 9.999252e-01 8.966996e+01
9.999804e-01 5.342650e-03 -3.298612e-03 -5.845397e-01 -5.302362e-03 9.999125e-01 1.210542e-02 -1.361900e+00 3.362999e-03 -1.208769e-02 9.999214e-01 9.101402e+01
9.999807e-01 4.954871e-03 -3.759422e-03 -5.977262e-01 -4.909584e-03 9.999163e-01 1.196238e-02 -1.377136e+00 3.818380e-03 -1.194369e-02 9.999214e-01 9.237970e+01
9.999830e-01 4.325197e-03 -3.930851e-03 -6.106648e-01 -4.279269e-03 9.999232e-01 1.161928e-02 -1.394199e+00 3.980805e-03 -1.160226e-02 9.999249e-01 9.376096e+01
9.999830e-01 4.274115e-03 -3.975617e-03 -6.261061e-01 -4.230531e-03 9.999315e-01 1.090818e-02 -1.407253e+00 4.021968e-03 -1.089118e-02 9.999326e-01 9.514840e+01
9.999817e-01 4.480664e-03 -4.066247e-03 -6.414420e-01 -4.437256e-03 9.999336e-01 1.062338e-02 -1.421183e+00 4.113577e-03 -1.060514e-02 9.999354e-01 9.652716e+01
9.999788e-01 5.184170e-03 -3.966179e-03 -6.562679e-01 -5.143950e-03 9.999358e-01 1.008583e-02 -1.442340e+00 4.018212e-03 -1.006521e-02 9.999413e-01 9.788807e+01
9.999715e-01 6.701229e-03 -3.478314e-03 -6.714236e-01 -6.666793e-03 9.999294e-01 9.820472e-03 -1.455543e+00 3.543878e-03 -9.797006e-03 9.999458e-01 9.923776e+01
9.999673e-01 7.343992e-03 -3.390713e-03 -6.868453e-01 -7.307090e-03 9.999152e-01 1.077182e-02 -1.473596e+00 3.469534e-03 -1.074669e-02 9.999363e-01 1.006012e+02
9.999623e-01 7.992399e-03 -3.400566e-03 -7.018808e-01 -7.950602e-03 9.998946e-01 1.213352e-02 -1.486394e+00 3.497184e-03 -1.210603e-02 9.999207e-01 1.019459e+02
9.999651e-01 7.694095e-03 -3.279195e-03 -7.151707e-01 -7.656582e-03 9.999066e-01 1.130411e-02 -1.509217e+00 3.365864e-03 -1.127861e-02 9.999308e-01 1.032820e+02
9.999648e-01 7.809579e-03 -3.074929e-03 -7.302910e-01 -7.780519e-03 9.999259e-01 9.352959e-03 -1.523744e+00 3.147744e-03 -9.328708e-03 9.999516e-01 1.046236e+02
9.999620e-01 8.121888e-03 -3.176495e-03 -7.434889e-01 -8.096142e-03 9.999348e-01 8.037136e-03 -1.532938e+00 3.241565e-03 -8.011115e-03 9.999627e-01 1.059498e+02
9.999756e-01 6.265127e-03 -3.106460e-03 -7.560345e-01 -6.235884e-03 9.999369e-01 9.336562e-03 -1.546311e+00 3.164759e-03 -9.316965e-03 9.999517e-01 1.072480e+02
9.999904e-01 3.536560e-03 -2.622118e-03 -7.631040e-01 -3.506313e-03 9.999281e-01 1.145370e-02 -1.561338e+00 2.662436e-03 -1.144440e-02 9.999310e-01 1.085467e+02
9.999976e-01 1.388555e-03 -1.720668e-03 -7.724741e-01 -1.366970e-03 9.999210e-01 1.248559e-02 -1.584418e+00 1.737869e-03 -1.248321e-02 9.999206e-01 1.098517e+02
9.999992e-01 5.556044e-04 -1.134947e-03 -7.810374e-01 -5.422132e-04 9.999305e-01 1.176961e-02 -1.601887e+00 1.141407e-03 -1.176899e-02 9.999302e-01 1.111629e+02
9.999980e-01 1.982679e-03 -4.373588e-04 -7.904328e-01 -1.978316e-03 9.999502e-01 9.772218e-03 -1.614250e+00 4.567117e-04 -9.771336e-03 9.999522e-01 1.124671e+02
9.999897e-01 4.500957e-03 5.455016e-04 -8.002730e-01 -4.505064e-03 9.999596e-01 7.766601e-03 -1.630328e+00 -5.105230e-04 -7.768981e-03 9.999697e-01 1.138025e+02
9.999720e-01 7.161671e-03 2.176587e-03 -8.123524e-01 -7.177202e-03 9.999481e-01 7.211380e-03 -1.642456e+00 -2.124830e-03 -7.226802e-03 9.999717e-01 1.151291e+02
9.999544e-01 8.834471e-03 3.640250e-03 -8.226569e-01 -8.865656e-03 9.999232e-01 8.640223e-03 -1.652833e+00 -3.563641e-03 -8.672104e-03 9.999561e-01 1.164684e+02
9.999518e-01 8.592420e-03 4.754978e-03 -8.261492e-01 -8.644738e-03 9.999009e-01 1.109294e-02 -1.670091e+00 -4.659194e-03 -1.113351e-02 9.999272e-01 1.177945e+02
9.999611e-01 7.014966e-03 5.343630e-03 -8.268887e-01 -7.079079e-03 9.999019e-01 1.207426e-02 -1.697750e+00 -5.258407e-03 -1.211162e-02 9.999129e-01 1.191253e+02
9.999558e-01 6.980018e-03 6.311050e-03 -8.266526e-01 -7.055615e-03 9.999025e-01 1.203602e-02 -1.711072e+00 -6.226425e-03 -1.208002e-02 9.999077e-01 1.204429e+02
9.999407e-01 7.896245e-03 7.503095e-03 -8.299287e-01 -7.984700e-03 9.998980e-01 1.183282e-02 -1.718559e+00 -7.408897e-03 -1.189203e-02 9.999019e-01 1.217525e+02
9.999167e-01 9.655032e-03 8.569560e-03 -8.317798e-01 -9.753535e-03 9.998859e-01 1.152775e-02 -1.729362e+00 -8.457284e-03 -1.161038e-02 9.998969e-01 1.230843e+02
9.998956e-01 1.051514e-02 9.917266e-03 -8.318827e-01 -1.061890e-02 9.998887e-01 1.046829e-02 -1.741998e+00 -9.806090e-03 -1.057251e-02 9.998961e-01 1.244139e+02
9.998688e-01 1.201882e-02 1.085811e-02 -8.314356e-01 -1.212741e-02 9.998764e-01 9.991297e-03 -1.752268e+00 -1.073668e-02 -1.012167e-02 9.998912e-01 1.257629e+02
9.998788e-01 1.020754e-02 1.175705e-02 -8.266337e-01 -1.032627e-02 9.998958e-01 1.008232e-02 -1.767843e+00 -1.165291e-02 -1.020250e-02 9.998801e-01 1.271106e+02
9.998633e-01 1.060068e-02 1.269355e-02 -8.198550e-01 -1.074033e-02 9.998819e-01 1.098412e-02 -1.777689e+00 -1.257561e-02 -1.111895e-02 9.998592e-01 1.284545e+02
9.998687e-01 9.079475e-03 1.342609e-02 -8.105727e-01 -9.237634e-03 9.998880e-01 1.176491e-02 -1.794658e+00 -1.331777e-02 -1.188739e-02 9.998407e-01 1.298038e+02
9.998703e-01 8.391028e-03 1.374837e-02 -8.033144e-01 -8.560914e-03 9.998871e-01 1.234460e-02 -1.806797e+00 -1.364323e-02 -1.246070e-02 9.998293e-01 1.311373e+02
9.998809e-01 7.102196e-03 1.370019e-02 -7.906464e-01 -7.277572e-03 9.998916e-01 1.279369e-02 -1.818893e+00 -1.360784e-02 -1.289187e-02 9.998243e-01 1.324843e+02
9.998955e-01 5.215521e-03 1.348152e-02 -7.798400e-01 -5.397156e-03 9.998946e-01 1.347163e-02 -1.828443e+00 -1.340984e-02 -1.354299e-02 9.998184e-01 1.338407e+02
9.999089e-01 4.014668e-03 1.288896e-02 -7.711169e-01 -4.187927e-03 9.999008e-01 1.344339e-02 -1.842265e+00 -1.283371e-02 -1.349615e-02 9.998266e-01 1.351901e+02
9.999208e-01 3.697964e-03 1.203041e-02 -7.627090e-01 -3.854182e-03 9.999081e-01 1.298776e-02 -1.853940e+00 -1.198128e-02 -1.303310e-02 9.998433e-01 1.365370e+02
9.999414e-01 2.244985e-03 1.059667e-02 -7.570611e-01 -2.391833e-03 9.999009e-01 1.386541e-02 -1.853510e+00 -1.056450e-02 -1.388995e-02 9.998478e-01 1.378732e+02
9.999558e-01 9.886166e-04 9.355101e-03 -7.478416e-01 -1.126828e-03 9.998901e-01 1.477977e-02 -1.868337e+00 -9.339464e-03 -1.478967e-02 9.998470e-01 1.392017e+02
9.999668e-01 3.398819e-04 8.153131e-03 -7.442602e-01 -4.588823e-04 9.998933e-01 1.459777e-02 -1.882090e+00 -8.147302e-03 -1.460103e-02 9.998602e-01 1.405255e+02
9.999762e-01 4.832043e-04 6.893182e-03 -7.419731e-01 -5.823860e-04 9.998962e-01 1.439286e-02 -1.886175e+00 -6.885514e-03 -1.439653e-02 9.998727e-01 1.418557e+02
9.999831e-01 -1.440274e-04 5.826978e-03 -7.402670e-01 6.376194e-05 9.999051e-01 1.377172e-02 -1.892686e+00 -5.828411e-03 -1.377112e-02 9.998882e-01 1.431956e+02
9.999878e-01 -1.528222e-03 4.716859e-03 -7.408330e-01 1.472785e-03 9.999300e-01 1.173293e-02 -1.906180e+00 -4.734462e-03 -1.172584e-02 9.999201e-01 1.445277e+02
9.999798e-01 -5.123695e-03 3.771752e-03 -7.393677e-01 5.082943e-03 9.999294e-01 1.073433e-02 -1.918902e+00 -3.826488e-03 -1.071494e-02 9.999353e-01 1.458771e+02
9.999271e-01 -1.179420e-02 2.619528e-03 -7.321360e-01 1.175977e-02 9.998490e-01 1.278847e-02 -1.922981e+00 -2.769965e-03 -1.275674e-02 9.999148e-01 1.472285e+02
9.998167e-01 -1.912860e-02 9.381590e-04 -7.233544e-01 1.911281e-02 9.997099e-01 1.464912e-02 -1.944792e+00 -1.218106e-03 -1.462851e-02 9.998923e-01 1.485874e+02
9.997170e-01 -2.378814e-02 -2.596716e-04 -7.161254e-01 2.378947e-02 9.996273e-01 1.338254e-02 -1.972658e+00 -5.877266e-05 -1.338494e-02 9.999104e-01 1.499371e+02
9.997425e-01 -2.269418e-02 2.385327e-04 -7.229807e-01 2.269088e-02 9.996972e-01 9.505992e-03 -1.976310e+00 -4.541934e-04 -9.498134e-03 9.999548e-01 1.512524e+02
9.998049e-01 -1.972815e-02 1.093280e-03 -7.343653e-01 1.972066e-02 9.997844e-01 6.483879e-03 -1.976989e+00 -1.220962e-03 -6.461054e-03 9.999784e-01 1.525488e+02
9.998311e-01 -1.828119e-02 1.910625e-03 -7.396675e-01 1.826949e-02 9.998152e-01 5.967778e-03 -1.996948e+00 -2.019372e-03 -5.931865e-03 9.999804e-01 1.538573e+02
9.997752e-01 -2.107130e-02 2.405522e-03 -7.410243e-01 2.104919e-02 9.997390e-01 8.869393e-03 -2.011733e+00 -2.591787e-03 -8.816766e-03 9.999578e-01 1.551971e+02
9.996623e-01 -2.583760e-02 2.794035e-03 -7.337078e-01 2.580203e-02 9.995939e-01 1.208947e-02 -2.032686e+00 -3.105265e-03 -1.201329e-02 9.999231e-01 1.565507e+02
9.995288e-01 -3.057661e-02 2.737383e-03 -7.276713e-01 3.053626e-02 9.994393e-01 1.372978e-02 -2.046801e+00 -3.155661e-03 -1.363973e-02 9.999020e-01 1.579099e+02
9.994702e-01 -3.244102e-02 2.649665e-03 -7.236381e-01 3.239972e-02 9.993716e-01 1.436828e-02 -2.061556e+00 -3.114125e-03 -1.427483e-02 9.998933e-01 1.592597e+02
9.994855e-01 -3.187247e-02 3.604951e-03 -7.200528e-01 3.181541e-02 9.993825e-01 1.490890e-02 -2.062996e+00 -4.077911e-03 -1.478654e-02 9.998824e-01 1.606037e+02
9.996103e-01 -2.752212e-02 4.688454e-03 -7.344381e-01 2.745210e-02 9.995194e-01 1.439509e-02 -2.073998e+00 -5.082387e-03 -1.426077e-02 9.998854e-01 1.619487e+02
9.997253e-01 -2.273634e-02 5.708162e-03 -7.382615e-01 2.266388e-02 9.996655e-01 1.245171e-02 -2.089835e+00 -5.989362e-03 -1.231892e-02 9.999063e-01 1.632891e+02
9.997776e-01 -2.009655e-02 6.417838e-03 -7.413799e-01 2.002067e-02 9.997313e-01 1.167493e-02 -2.097545e+00 -6.650743e-03 -1.154385e-02 9.999113e-01 1.646518e+02
9.997826e-01 -1.976977e-02 6.637023e-03 -7.421144e-01 1.967890e-02 9.997153e-01 1.348696e-02 -2.099565e+00 -6.901771e-03 -1.335343e-02 9.998871e-01 1.660074e+02
9.998166e-01 -1.799847e-02 6.554966e-03 -7.408253e-01 1.791044e-02 9.997517e-01 1.324917e-02 -2.119968e+00 -6.791807e-03 -1.312934e-02 9.998908e-01 1.673725e+02
9.998549e-01 -1.593361e-02 6.032360e-03 -7.445324e-01 1.586559e-02 9.998118e-01 1.115870e-02 -2.134743e+00 -6.209027e-03 -1.106138e-02 9.999196e-01 1.687453e+02
9.998932e-01 -1.352287e-02 5.560014e-03 -7.464506e-01 1.347702e-02 9.998754e-01 8.202360e-03 -2.141170e+00 -5.670244e-03 -8.126552e-03 9.999510e-01 1.701002e+02
9.999534e-01 -8.198798e-03 5.124574e-03 -7.524027e-01 8.167199e-03 9.999476e-01 6.155781e-03 -2.152406e+00 -5.174780e-03 -6.113642e-03 9.999680e-01 1.714691e+02
9.999826e-01 -2.414994e-03 5.400740e-03 -7.584507e-01 2.377737e-03 9.999733e-01 6.893295e-03 -2.152704e+00 -5.417247e-03 -6.880335e-03 9.999618e-01 1.728396e+02
9.999802e-01 9.987618e-04 6.226185e-03 -7.710979e-01 -1.058206e-03 9.999538e-01 9.550949e-03 -2.186141e+00 -6.216361e-03 -9.557351e-03 9.999351e-01 1.741899e+02
9.999793e-01 1.319809e-03 6.305422e-03 -7.742871e-01 -1.395414e-03 9.999270e-01 1.200073e-02 -2.196088e+00 -6.289126e-03 -1.200928e-02 9.999082e-01 1.755707e+02
9.999852e-01 -9.577678e-04 5.376608e-03 -7.724923e-01 8.889729e-04 9.999178e-01 1.278234e-02 -2.211670e+00 -5.388412e-03 -1.277737e-02 9.999039e-01 1.769598e+02
9.999880e-01 -3.296604e-03 3.645673e-03 -7.732537e-01 3.248227e-03 9.999076e-01 1.319604e-02 -2.216242e+00 -3.688842e-03 -1.318404e-02 9.999063e-01 1.783468e+02
9.999908e-01 -3.939394e-03 1.771418e-03 -7.750230e-01 3.921688e-03 9.999433e-01 9.887351e-03 -2.238380e+00 -1.810271e-03 -9.880314e-03 9.999496e-01 1.797353e+02
9.999986e-01 -1.702237e-03 1.489748e-04 -7.838548e-01 1.701403e-03 9.999839e-01 5.404812e-03 -2.255642e+00 -1.581756e-04 -5.404552e-03 9.999854e-01 1.811187e+02
9.999984e-01 1.756130e-03 -4.647180e-04 -7.982323e-01 -1.754552e-03 9.999927e-01 3.382109e-03 -2.248766e+00 4.706516e-04 -3.381290e-03 9.999942e-01 1.824871e+02
9.999768e-01 6.807589e-03 -4.383220e-04 -8.171426e-01 -6.805288e-03 9.999640e-01 5.061204e-03 -2.274335e+00 4.727578e-04 -5.058106e-03 9.999872e-01 1.838526e+02
9.999684e-01 7.946260e-03 -5.728358e-04 -8.312309e-01 -7.941323e-03 9.999351e-01 8.165333e-03 -2.287147e+00 6.376796e-04 -8.160528e-03 9.999665e-01 1.852175e+02
9.999667e-01 8.168010e-03 -1.391441e-04 -8.418782e-01 -8.166098e-03 9.999113e-01 1.051475e-02 -2.301476e+00 2.250134e-04 -1.051327e-02 9.999447e-01 1.865911e+02
9.999721e-01 7.488257e-03 -9.520091e-05 -8.536483e-01 -7.486661e-03 9.999051e-01 1.155589e-02 -2.315405e+00 1.817225e-04 -1.155486e-02 9.999333e-01 1.879790e+02
9.999839e-01 5.698031e-03 -2.167902e-04 -8.614884e-01 -5.694990e-03 9.999103e-01 1.211914e-02 -2.323995e+00 2.858232e-04 -1.211771e-02 9.999266e-01 1.893762e+02
9.999950e-01 3.197970e-03 -1.312062e-04 -8.652694e-01 -3.196014e-03 9.999115e-01 1.291172e-02 -2.329867e+00 1.724830e-04 -1.291124e-02 9.999167e-01 1.907898e+02
9.999998e-01 7.623528e-04 1.729301e-04 -8.704448e-01 -7.645864e-04 9.999114e-01 1.328448e-02 -2.340724e+00 -1.627903e-04 -1.328461e-02 9.999118e-01 1.922126e+02
9.999975e-01 -2.230345e-03 4.851939e-04 -8.746615e-01 2.223277e-03 9.998980e-01 1.410257e-02 -2.343271e+00 -5.166012e-04 -1.410146e-02 9.999005e-01 1.936184e+02
9.999802e-01 -6.258964e-03 8.625685e-04 -8.754711e-01 6.244831e-03 9.998602e-01 1.550852e-02 -2.352127e+00 -9.595179e-04 -1.550282e-02 9.998794e-01 1.950231e+02
9.999561e-01 -9.309607e-03 1.159683e-03 -8.778885e-01 9.290441e-03 9.998358e-01 1.555761e-02 -2.376443e+00 -1.304330e-03 -1.554616e-02 9.998783e-01 1.964205e+02
9.999629e-01 -8.527756e-03 1.263269e-03 -8.846190e-01 8.511183e-03 9.998845e-01 1.258693e-02 -2.386912e+00 -1.370464e-03 -1.257572e-02 9.999200e-01 1.978321e+02
9.999936e-01 -3.213368e-03 1.645552e-03 -8.992629e-01 3.201196e-03 9.999678e-01 7.344309e-03 -2.392869e+00 -1.669103e-03 -7.338995e-03 9.999717e-01 1.992508e+02
9.999800e-01 5.672897e-03 2.843968e-03 -9.190176e-01 -5.688833e-03 9.999679e-01 5.625766e-03 -2.382159e+00 -2.811965e-03 -5.641833e-03 9.999802e-01 2.006991e+02
9.999130e-01 1.247479e-02 4.305240e-03 -9.403581e-01 -1.251370e-02 9.998800e-01 9.131506e-03 -2.393587e+00 -4.190813e-03 -9.184588e-03 9.999491e-01 2.021679e+02
9.998739e-01 1.496200e-02 5.337770e-03 -9.483433e-01 -1.502418e-02 9.998174e-01 1.180426e-02 -2.421794e+00 -5.160183e-03 -1.188297e-02 9.999161e-01 2.036366e+02
9.999179e-01 1.194345e-02 4.662755e-03 -9.485660e-01 -1.199866e-02 9.998560e-01 1.199832e-02 -2.430787e+00 -4.518786e-03 -1.205328e-02 9.999172e-01 2.050559e+02
9.999462e-01 9.804337e-03 3.426899e-03 -9.480917e-01 -9.846338e-03 9.998738e-01 1.246138e-02 -2.439373e+00 -3.304294e-03 -1.249446e-02 9.999165e-01 2.064825e+02
9.999579e-01 8.858250e-03 2.420597e-03 -9.450750e-01 -8.887532e-03 9.998840e-01 1.236506e-02 -2.456252e+00 -2.310786e-03 -1.238606e-02 9.999207e-01 2.079024e+02
9.999613e-01 8.652992e-03 1.634771e-03 -9.529500e-01 -8.671654e-03 9.998930e-01 1.177412e-02 -2.463711e+00 -1.532718e-03 -1.178785e-02 9.999294e-01 2.093403e+02
9.999508e-01 9.806120e-03 1.604331e-03 -9.604331e-01 -9.824229e-03 9.998833e-01 1.169618e-02 -2.471298e+00 -1.489453e-03 -1.171137e-02 9.999303e-01 2.107949e+02
9.999378e-01 1.108818e-02 1.315094e-03 -9.731831e-01 -1.110367e-02 9.998611e-01 1.242109e-02 -2.478034e+00 -1.177187e-03 -1.243493e-02 9.999220e-01 2.122617e+02
9.999460e-01 1.034989e-02 1.023887e-03 -9.815952e-01 -1.036192e-02 9.998677e-01 1.253696e-02 -2.495384e+00 -8.939980e-04 -1.254689e-02 9.999209e-01 2.137363e+02
9.999473e-01 1.026010e-02 6.797296e-04 -9.900564e-01 -1.026740e-02 9.998778e-01 1.177963e-02 -2.506525e+00 -5.587893e-04 -1.178599e-02 9.999305e-01 2.152149e+02
9.999442e-01 1.056577e-02 3.879969e-04 -9.984160e-01 -1.056952e-02 9.998787e-01 1.143625e-02 -2.515731e+00 -2.671199e-04 -1.143971e-02 9.999345e-01 2.166986e+02
9.999372e-01 1.122237e-02 -4.024097e-05 -1.006435e+00 -1.122118e-02 9.998715e-01 1.144515e-02 -2.525832e+00 1.686749e-04 -1.144398e-02 9.999345e-01 2.181921e+02
9.999418e-01 1.078892e-02 -4.945669e-04 -1.014296e+00 -1.078272e-02 9.998793e-01 1.118376e-02 -2.537378e+00 6.151651e-04 -1.117778e-02 9.999374e-01 2.196849e+02
9.999383e-01 1.110272e-02 -6.488914e-04 -1.026961e+00 -1.109489e-02 9.998776e-01 1.102761e-02 -2.550566e+00 7.712456e-04 -1.101973e-02 9.999390e-01 2.211662e+02
9.999196e-01 1.262663e-02 -1.260655e-03 -1.043539e+00 -1.261212e-02 9.998608e-01 1.092180e-02 -2.562054e+00 1.398382e-03 -1.090502e-02 9.999396e-01 2.226385e+02
9.999286e-01 1.186695e-02 -1.491166e-03 -1.052410e+00 -1.185027e-02 9.998721e-01 1.074194e-02 -2.577422e+00 1.618447e-03 -1.072350e-02 9.999412e-01 2.241161e+02
9.999048e-01 1.364362e-02 -2.118388e-03 -1.069968e+00 -1.361907e-02 9.998445e-01 1.119831e-02 -2.579238e+00 2.270842e-03 -1.116840e-02 9.999351e-01 2.255912e+02
9.999069e-01 1.348769e-02 -2.122219e-03 -1.077881e+00 -1.346326e-02 9.998473e-01 1.113462e-02 -2.605851e+00 2.272073e-03 -1.110502e-02 9.999358e-01 2.270632e+02
9.999120e-01 1.312411e-02 -1.992776e-03 -1.087241e+00 -1.310164e-02 9.998547e-01 1.089642e-02 -2.619548e+00 2.135490e-03 -1.086936e-02 9.999387e-01 2.285470e+02
9.999185e-01 1.262379e-02 -1.948608e-03 -1.100080e+00 -1.260125e-02 9.998581e-01 1.117897e-02 -2.631942e+00 2.089450e-03 -1.115350e-02 9.999357e-01 2.300455e+02
9.999297e-01 1.173312e-02 -1.772341e-03 -1.109343e+00 -1.171116e-02 9.998602e-01 1.193165e-02 -2.647536e+00 1.912086e-03 -1.191005e-02 9.999273e-01 2.315538e+02
9.999231e-01 1.227661e-02 -1.855782e-03 -1.119631e+00 -1.225281e-02 9.998488e-01 1.233395e-02 -2.664200e+00 2.006918e-03 -1.231026e-02 9.999222e-01 2.330544e+02
9.999179e-01 1.268520e-02 -1.862045e-03 -1.135768e+00 -1.266145e-02 9.998446e-01 1.226097e-02 -2.675828e+00 2.017286e-03 -1.223639e-02 9.999232e-01 2.345594e+02
9.999003e-01 1.403597e-02 -1.603361e-03 -1.149069e+00 -1.401627e-02 9.998332e-01 1.170319e-02 -2.689586e+00 1.767356e-03 -1.167955e-02 9.999303e-01 2.360609e+02
9.998750e-01 1.578019e-02 -1.126619e-03 -1.161923e+00 -1.576447e-02 9.997937e-01 1.280877e-02 -2.691866e+00 1.328508e-03 -1.278941e-02 9.999174e-01 2.375617e+02
9.998805e-01 1.545053e-02 -6.203621e-04 -1.172174e+00 -1.543945e-02 9.997676e-01 1.504366e-02 -2.699860e+00 8.526475e-04 -1.503229e-02 9.998867e-01 2.390614e+02
9.998839e-01 1.524314e-02 -1.216537e-04 -1.181484e+00 -1.523944e-02 9.997645e-01 1.544609e-02 -2.710155e+00 3.570691e-04 -1.544245e-02 9.998807e-01 2.405609e+02
9.998763e-01 1.573056e-02 3.786295e-04 -1.191254e+00 -1.573437e-02 9.997735e-01 1.432644e-02 -2.719381e+00 -1.531838e-04 -1.433063e-02 9.998973e-01 2.420685e+02
9.998660e-01 1.635055e-02 9.821933e-04 -1.201069e+00 -1.636185e-02 9.997831e-01 1.287932e-02 -2.728247e+00 -7.713993e-04 -1.289367e-02 9.999166e-01 2.435882e+02
9.998482e-01 1.738400e-02 1.307121e-03 -1.211942e+00 -1.739923e-02 9.997678e-01 1.271145e-02 -2.727455e+00 -1.085845e-03 -1.273226e-02 9.999184e-01 2.451203e+02
9.998412e-01 1.778613e-02 1.191593e-03 -1.221705e+00 -1.780080e-02 9.997476e-01 1.370513e-02 -2.736255e+00 -9.475338e-04 -1.372417e-02 9.999054e-01 2.466500e+02
9.998396e-01 1.787864e-02 1.123985e-03 -1.225952e+00 -1.789374e-02 9.997230e-01 1.528367e-02 -2.747514e+00 -8.504248e-04 -1.530134e-02 9.998826e-01 2.481697e+02
9.998335e-01 1.824222e-02 5.586217e-04 -1.234900e+00 -1.824871e-02 9.997120e-01 1.558280e-02 -2.755560e+00 -2.741988e-04 -1.559040e-02 9.998784e-01 2.496997e+02
9.998079e-01 1.958712e-02 8.369459e-04 -1.240732e+00 -1.959781e-02 9.996859e-01 1.562313e-02 -2.758996e+00 -5.306734e-04 -1.563654e-02 9.998776e-01 2.512357e+02
9.997675e-01 2.154778e-02 9.618352e-04 -1.254732e+00 -2.156006e-02 9.996485e-01 1.542906e-02 -2.770236e+00 -6.290380e-04 -1.544621e-02 9.998805e-01 2.527670e+02
9.997523e-01 2.223791e-02 1.069801e-03 -1.261276e+00 -2.225197e-02 9.996290e-01 1.570279e-02 -2.766435e+00 -7.202096e-04 -1.572270e-02 9.998761e-01 2.542889e+02
9.997734e-01 2.125941e-02 1.176147e-03 -1.268261e+00 -2.127584e-02 9.996393e-01 1.638857e-02 -2.774714e+00 -8.273142e-04 -1.640988e-02 9.998650e-01 2.558152e+02
9.998060e-01 1.968183e-02 9.233589e-04 -1.278722e+00 -1.969496e-02 9.996533e-01 1.747303e-02 -2.777808e+00 -5.791402e-04 -1.748783e-02 9.998469e-01 2.573595e+02
9.998527e-01 1.715173e-02 8.099210e-04 -1.284023e+00 -1.716378e-02 9.996817e-01 1.849082e-02 -2.790086e+00 -4.925163e-04 -1.850200e-02 9.998287e-01 2.588936e+02
9.998751e-01 1.580873e-02 2.486158e-04 -1.291977e+00 -1.581065e-02 9.997120e-01 1.805169e-02 -2.794191e+00 3.682742e-05 -1.805337e-02 9.998370e-01 2.604372e+02
9.998719e-01 1.601541e-02 2.524874e-05 -1.297781e+00 -1.601362e-02 9.997338e-01 1.661247e-02 -2.800205e+00 2.408111e-04 -1.661075e-02 9.998620e-01 2.619823e+02
9.999002e-01 1.411937e-02 5.839099e-04 -1.301159e+00 -1.412759e-02 9.997382e-01 1.799799e-02 -2.796995e+00 -3.296396e-04 -1.800445e-02 9.998379e-01 2.635195e+02
9.999327e-01 1.156257e-02 1.034814e-03 -1.308771e+00 -1.158097e-02 9.997326e-01 2.001471e-02 -2.794816e+00 -8.031183e-04 -2.002534e-02 9.997991e-01 2.650632e+02
9.999479e-01 1.016060e-02 1.055669e-03 -1.313921e+00 -1.017925e-02 9.997582e-01 1.949055e-02 -2.807866e+00 -8.573812e-04 -1.950028e-02 9.998095e-01 2.666046e+02
9.999530e-01 9.608933e-03 1.398987e-03 -1.318332e+00 -9.633897e-03 9.997714e-01 1.908923e-02 -2.803171e+00 -1.215243e-03 -1.910181e-02 9.998168e-01 2.681342e+02
9.999434e-01 1.044930e-02 2.055792e-03 -1.329198e+00 -1.048635e-02 9.997659e-01 1.892255e-02 -2.799285e+00 -1.857586e-03 -1.894304e-02 9.998189e-01 2.696734e+02
9.999239e-01 1.197140e-02 2.987972e-03 -1.341210e+00 -1.202614e-02 9.997466e-01 1.902808e-02 -2.798880e+00 -2.759425e-03 -1.906257e-02 9.998145e-01 2.712230e+02
9.999028e-01 1.335819e-02 4.002533e-03 -1.348596e+00 -1.343061e-02 9.997359e-01 1.864778e-02 -2.803024e+00 -3.752378e-03 -1.869972e-02 9.998181e-01 2.727812e+02
9.998864e-01 1.431070e-02 4.751575e-03 -1.357269e+00 -1.439705e-02 9.997221e-01 1.866555e-02 -2.800526e+00 -4.483140e-03 -1.873184e-02 9.998145e-01 2.743319e+02
9.998821e-01 1.435892e-02 5.454928e-03 -1.360602e+00 -1.445697e-02 9.997265e-01 1.838221e-02 -2.807667e+00 -5.189490e-03 -1.845891e-02 9.998162e-01 2.758807e+02
9.998635e-01 1.513250e-02 6.648254e-03 -1.361911e+00 -1.525095e-02 9.997191e-01 1.814163e-02 -2.806337e+00 -6.371861e-03 -1.824055e-02 9.998133e-01 2.774225e+02
9.998548e-01 1.536221e-02 7.390638e-03 -1.365617e+00 -1.549191e-02 9.997211e-01 1.782498e-02 -2.810797e+00 -7.114749e-03 -1.793688e-02 9.998138e-01 2.789511e+02
9.998541e-01 1.502371e-02 8.135838e-03 -1.360863e+00 -1.516862e-02 9.997219e-01 1.805229e-02 -2.812617e+00 -7.862367e-03 -1.817307e-02 9.998040e-01 2.804862e+02
9.998646e-01 1.377812e-02 9.001046e-03 -1.356427e+00 -1.395096e-02 9.997138e-01 1.943040e-02 -2.813668e+00 -8.730759e-03 -1.955334e-02 9.997708e-01 2.820305e+02
9.998813e-01 1.240026e-02 9.156717e-03 -1.355471e+00 -1.258216e-02 9.997191e-01 2.008175e-02 -2.819863e+00 -8.905130e-03 -2.019458e-02 9.997565e-01 2.835871e+02
9.998905e-01 1.134461e-02 9.517216e-03 -1.344529e+00 -1.151839e-02 9.997642e-01 1.840825e-02 -2.830174e+00 -9.306141e-03 -1.851586e-02 9.997853e-01 2.851442e+02
9.998936e-01 1.132904e-02 9.194363e-03 -1.343919e+00 -1.147482e-02 9.998068e-01 1.595978e-02 -2.829558e+00 -9.011781e-03 -1.606359e-02 9.998304e-01 2.866956e+02
9.998976e-01 1.159458e-02 8.403117e-03 -1.340812e+00 -1.172392e-02 9.998109e-01 1.550886e-02 -2.819125e+00 -8.221713e-03 -1.560579e-02 9.998445e-01 2.882415e+02
9.999110e-01 1.091514e-02 7.685371e-03 -1.334586e+00 -1.103911e-02 9.998065e-01 1.627704e-02 -2.825802e+00 -7.506221e-03 -1.636043e-02 9.998380e-01 2.897843e+02
9.999205e-01 1.067604e-02 6.729491e-03 -1.335022e+00 -1.078385e-02 9.998107e-01 1.619343e-02 -2.841752e+00 -6.555338e-03 -1.626472e-02 9.998463e-01 2.913137e+02
9.999199e-01 1.093216e-02 6.400532e-03 -1.338748e+00 -1.103429e-02 9.998087e-01 1.614437e-02 -2.848097e+00 -6.222819e-03 -1.621371e-02 9.998492e-01 2.928563e+02
9.999216e-01 1.104650e-02 5.917747e-03 -1.340738e+00 -1.114317e-02 9.998008e-01 1.655835e-02 -2.847692e+00 -5.733659e-03 -1.662300e-02 9.998454e-01 2.944182e+02
9.999259e-01 1.108729e-02 5.057707e-03 -1.346955e+00 -1.117170e-02 9.997935e-01 1.697640e-02 -2.854913e+00 -4.868444e-03 -1.703164e-02 9.998431e-01 2.959900e+02
9.999303e-01 1.110950e-02 4.016928e-03 -1.347338e+00 -1.117970e-02 9.997773e-01 1.789729e-02 -2.854490e+00 -3.817207e-03 -1.794095e-02 9.998318e-01 2.975698e+02
9.999231e-01 1.197932e-02 3.244598e-03 -1.354487e+00 -1.204026e-02 9.997381e-01 1.946203e-02 -2.853696e+00 -3.010609e-03 -1.949960e-02 9.998054e-01 2.991417e+02
9.999124e-01 1.266580e-02 3.853918e-03 -1.352249e+00 -1.274045e-02 9.997187e-01 2.000382e-02 -2.858587e+00 -3.599472e-03 -2.005117e-02 9.997925e-01 3.006990e+02
9.998989e-01 1.332316e-02 4.982496e-03 -1.359059e+00 -1.341962e-02 9.997128e-01 1.985486e-02 -2.857222e+00 -4.716538e-03 -1.991972e-02 9.997905e-01 3.022487e+02
9.999074e-01 1.248229e-02 5.434380e-03 -1.364185e+00 -1.258704e-02 9.997269e-01 1.968814e-02 -2.855914e+00 -5.187146e-03 -1.975472e-02 9.997914e-01 3.038367e+02
9.999288e-01 1.050190e-02 5.692480e-03 -1.362043e+00 -1.060854e-02 9.997624e-01 1.903910e-02 -2.854250e+00 -5.491184e-03 -1.909814e-02 9.998026e-01 3.054481e+02
9.999395e-01 9.210460e-03 6.030864e-03 -1.360761e+00 -9.313861e-03 9.998061e-01 1.734756e-02 -2.857913e+00 -5.869919e-03 -1.740269e-02 9.998314e-01 3.070543e+02
9.999382e-01 9.120459e-03 6.365961e-03 -1.355668e+00 -9.225800e-03 9.998176e-01 1.671884e-02 -2.848818e+00 -6.212320e-03 -1.677654e-02 9.998400e-01 3.086610e+02
9.999406e-01 9.709845e-03 4.986904e-03 -1.365304e+00 -9.786666e-03 9.998301e-01 1.561789e-02 -2.863832e+00 -4.834413e-03 -1.566577e-02 9.998657e-01 3.102565e+02
9.999399e-01 1.068685e-02 2.485951e-03 -1.374408e+00 -1.072553e-02 9.998127e-01 1.610383e-02 -2.856128e+00 -2.313390e-03 -1.612952e-02 9.998673e-01 3.118569e+02
9.999260e-01 1.202734e-02 1.910414e-03 -1.374269e+00 -1.206266e-02 9.997331e-01 1.970006e-02 -2.856668e+00 -1.672968e-03 -1.972165e-02 9.998042e-01 3.134959e+02
9.999363e-01 1.115382e-02 1.774051e-03 -1.383656e+00 -1.119141e-02 9.996769e-01 2.281928e-02 -2.853690e+00 -1.518959e-03 -2.283768e-02 9.997381e-01 3.151264e+02
9.999495e-01 9.755976e-03 2.488931e-03 -1.384433e+00 -9.812651e-03 9.996667e-01 2.387609e-02 -2.851417e+00 -2.255170e-03 -2.389931e-02 9.997119e-01 3.167492e+02
9.999571e-01 8.818681e-03 2.901228e-03 -1.390712e+00 -8.883320e-03 9.996942e-01 2.307624e-02 -2.850175e+00 -2.696842e-03 -2.310103e-02 9.997295e-01 3.183707e+02
9.999606e-01 8.254835e-03 3.300068e-03 -1.393034e+00 -8.327865e-03 9.997061e-01 2.276437e-02 -2.830830e+00 -3.111186e-03 -2.279096e-02 9.997355e-01 3.199953e+02
9.999601e-01 8.228045e-03 3.512285e-03 -1.399384e+00 -8.307188e-03 9.996975e-01 2.314635e-02 -2.825439e+00 -3.320777e-03 -2.317460e-02 9.997260e-01 3.216179e+02
9.999599e-01 7.883973e-03 4.269643e-03 -1.396744e+00 -7.980043e-03 9.997042e-01 2.297116e-02 -2.834543e+00 -4.087279e-03 -2.300432e-02 9.997271e-01 3.232453e+02
9.999457e-01 9.149493e-03 5.017012e-03 -1.397989e+00 -9.260834e-03 9.997008e-01 2.263706e-02 -2.826730e+00 -4.808397e-03 -2.268230e-02 9.997312e-01 3.248627e+02
9.999366e-01 9.987143e-03 5.228799e-03 -1.407532e+00 -1.010068e-02 9.997035e-01 2.215597e-02 -2.824138e+00 -5.005978e-03 -2.220738e-02 9.997409e-01 3.264926e+02
9.999378e-01 9.194161e-03 6.343286e-03 -1.402557e+00 -9.341454e-03 9.996779e-01 2.359479e-02 -2.817384e+00 -6.124313e-03 -2.365257e-02 9.997016e-01 3.281296e+02
9.999495e-01 7.706588e-03 6.474408e-03 -1.403176e+00 -7.864770e-03 9.996622e-01 2.477209e-02 -2.818606e+00 -6.281316e-03 -2.482176e-02 9.996722e-01 3.297562e+02
9.999533e-01 7.258605e-03 6.406314e-03 -1.403024e+00 -7.411056e-03 9.996820e-01 2.410243e-02 -2.820546e+00 -6.229330e-03 -2.414878e-02 9.996890e-01 3.313788e+02
9.999469e-01 7.876556e-03 6.667249e-03 -1.398294e+00 -8.035365e-03 9.996763e-01 2.413702e-02 -2.813250e+00 -6.474978e-03 -2.418931e-02 9.996865e-01 3.329831e+02
9.999371e-01 9.090960e-03 6.594621e-03 -1.403433e+00 -9.237617e-03 9.997028e-01 2.255994e-02 -2.807364e+00 -6.387573e-03 -2.261943e-02 9.997238e-01 3.345912e+02
9.999091e-01 1.196402e-02 6.233530e-03 -1.407110e+00 -1.208420e-02 9.997346e-01 1.961229e-02 -2.816470e+00 -5.997237e-03 -1.968583e-02 9.997883e-01 3.361975e+02
9.998981e-01 1.328558e-02 5.237368e-03 -1.416707e+00 -1.338772e-02 9.997107e-01 1.997554e-02 -2.812223e+00 -4.970470e-03 -2.004362e-02 9.997867e-01 3.378132e+02
9.998938e-01 1.395259e-02 4.231465e-03 -1.420550e+00 -1.404480e-02 9.996458e-01 2.260493e-02 -2.813318e+00 -3.914572e-03 -2.266196e-02 9.997356e-01 3.394329e+02
9.998801e-01 1.505672e-02 3.633488e-03 -1.428351e+00 -1.514508e-02 9.995560e-01 2.565771e-02 -2.806372e+00 -3.245557e-03 -2.570966e-02 9.996642e-01 3.410433e+02
9.998742e-01 1.567069e-02 2.499013e-03 -1.437908e+00 -1.572944e-02 9.995500e-01 2.553687e-02 -2.812895e+00 -2.097712e-03 -2.557297e-02 9.996708e-01 3.426445e+02
9.998796e-01 1.548395e-02 1.151013e-03 -1.444241e+00 -1.550719e-02 9.995895e-01 2.408678e-02 -2.804043e+00 -7.775857e-04 -2.410173e-02 9.997092e-01 3.442442e+02
9.998976e-01 1.428467e-02 -9.218663e-04 -1.458564e+00 -1.425755e-02 9.995932e-01 2.470029e-02 -2.777704e+00 1.274324e-03 -2.468462e-02 9.996945e-01 3.458429e+02
9.999156e-01 1.278428e-02 -2.339769e-03 -1.467328e+00 -1.271941e-02 9.995834e-01 2.590721e-02 -2.781719e+00 2.669997e-03 -2.587527e-02 9.996616e-01 3.474311e+02
9.999194e-01 1.241193e-02 -2.726883e-03 -1.476700e+00 -1.233872e-02 9.996012e-01 2.539946e-02 -2.779346e+00 3.041049e-03 -2.536377e-02 9.996737e-01 3.490282e+02
9.999227e-01 1.204863e-02 -3.105298e-03 -1.495051e+00 -1.196942e-02 9.996312e-01 2.437423e-02 -2.773476e+00 3.397826e-03 -2.433518e-02 9.996981e-01 3.506177e+02
9.999287e-01 1.163109e-02 -2.759141e-03 -1.510410e+00 -1.156132e-02 9.996431e-01 2.408118e-02 -2.759556e+00 3.038244e-03 -2.404756e-02 9.997063e-01 3.522192e+02
9.999352e-01 1.104048e-02 -2.786485e-03 -1.529208e+00 -1.096951e-02 9.996442e-01 2.431349e-02 -2.756113e+00 3.053923e-03 -2.428135e-02 9.997005e-01 3.538160e+02
9.999423e-01 1.033489e-02 -2.948390e-03 -1.542122e+00 -1.026121e-02 9.996593e-01 2.399967e-02 -2.757482e+00 3.195417e-03 -2.396803e-02 9.997076e-01 3.554031e+02
