1.000000e+00 8.137513e-10 -7.656116e-10 -2.139042e-10 8.137513e-10 1.000000e+00 6.754230e-11 4.506439e-09 -7.656116e-10 6.754230e-11 1.000000e+00 2.697696e-08
9.999998e-01 -5.366526e-04 -4.073905e-04 6.738538e-04 5.371175e-04 9.999993e-01 1.137980e-03 -2.427095e-02 4.067779e-04 -1.138199e-03 9.999994e-01 1.310783e+00
9.999982e-01 -1.909945e-03 -1.649171e-04 -1.044678e-02 1.910217e-03 9.999969e-01 1.654690e-03 -4.476534e-02 1.617546e-04 -1.655002e-03 9.999987e-01 2.616548e+00
9.999955e-01 -2.950941e-03 -4.467672e-04 -1.636054e-02 2.951459e-03 9.999950e-01 1.158911e-03 -7.571100e-02 4.433436e-04 -1.160225e-03 9.999993e-01 3.927598e+00
9.999956e-01 -2.972834e-03 2.076181e-04 -2.359544e-02 2.972475e-03 9.999942e-01 1.717230e-03 -9.327714e-02 -2.127235e-04 -1.716605e-03 9.999986e-01 5.243762e+00
9.999948e-01 -3.221050e-03 -3.308770e-04 -3.631863e-02 3.221670e-03 9.999931e-01 1.884495e-03 -1.130817e-01 3.248031e-04 -1.885551e-03 9.999983e-01 6.592251e+00
9.999902e-01 -4.400200e-03 -4.229090e-04 -4.607892e-02 4.401370e-03 9.999864e-01 2.803088e-03 -1.485898e-01 4.105675e-04 -2.804922e-03 9.999961e-01 7.904724e+00
9.999883e-01 -4.823046e-03 -4.754685e-04 -4.407148e-02 4.824946e-03 9.999801e-01 4.074024e-03 -1.727464e-01 4.558083e-04 -4.076271e-03 9.999917e-01 9.210341e+00
9.999913e-01 -4.126683e-03 -5.799629e-04 -5.923115e-02 4.128584e-03 9.999860e-01 3.313566e-03 -2.078564e-01 5.662792e-04 -3.315932e-03 9.999944e-01 1.054174e+01
9.999990e-01 -1.373071e-03 -2.678885e-04 -7.610220e-02 1.373412e-03 9.999983e-01 1.273541e-03 -2.216033e-01 2.661378e-04 -1.273908e-03 9.999992e-01 1.187923e+01
9.999982e-01 1.880653e-03 -1.927369e-04 -9.275854e-02 -1.880616e-03 9.999983e-01 1.868532e-04 -2.457339e-01 1.930864e-04 -1.864902e-04 1.000000e+00 1.322758e+01
9.999874e-01 4.957954e-03 -7.831380e-04 -1.086198e-01 -4.958378e-03 9.999876e-01 -5.423830e-04 -2.656197e-01 7.804376e-04 5.462594e-04 9.999996e-01 1.457559e+01
9.999867e-01 5.139172e-03 -3.472809e-04 -1.157559e-01 -5.139066e-03 9.999868e-01 3.003548e-04 -2.977598e-01 3.488183e-04 -2.985660e-04 1.000000e+00 1.591713e+01
9.999933e-01 3.624812e-03 -4.143917e-04 -1.268717e-01 -3.623670e-03 9.999898e-01 2.719309e-03 -3.175502e-01 4.242428e-04 -2.717789e-03 9.999963e-01 1.727293e+01
1.000000e+00 2.405743e-04 1.684593e-04 -1.244175e-01 -2.414157e-04 9.999874e-01 5.022494e-03 -3.493220e-01 -1.672504e-04 -5.022534e-03 9.999875e-01 1.861212e+01
9.999959e-01 -2.844273e-03 -2.258148e-04 -1.307822e-01 2.845282e-03 9.999855e-01 4.593015e-03 -3.924809e-01 2.127462e-04 -4.593639e-03 9.999895e-01 1.997160e+01
9.999935e-01 -3.591922e-03 3.494919e-05 -1.341192e-01 3.591887e-03 9.999931e-01 1.005077e-03 -3.912643e-01 -3.856064e-05 -1.004945e-03 9.999996e-01 2.131127e+01
9.999980e-01 -2.015574e-03 2.402451e-05 -1.489829e-01 2.015579e-03 9.999980e-01 -1.410154e-04 -4.250545e-01 -2.374177e-05 1.410637e-04 1.000000e+00 2.267343e+01
9.999988e-01 1.517826e-03 3.816732e-04 -1.575022e-01 -1.518142e-03 9.999986e-01 8.347340e-04 -4.234518e-01 -3.804072e-04 -8.353123e-04 9.999997e-01 2.404422e+01
9.999966e-01 1.852546e-03 1.850453e-03 -1.621737e-01 -1.862151e-03 9.999848e-01 5.203621e-03 -4.505894e-01 -1.840786e-03 -5.207049e-03 9.999848e-01 2.541695e+01
9.999980e-01 -6.379844e-04 1.876138e-03 -1.785249e-01 6.257376e-04 9.999786e-01 6.521903e-03 -4.783105e-01 -1.880260e-03 -6.520716e-03 9.999771e-01 2.679226e+01
9.999930e-01 -2.965428e-03 2.297523e-03 -1.819517e-01 2.950280e-03 9.999741e-01 6.569788e-03 -5.191024e-01 -2.316947e-03 -6.562964e-03 9.999759e-01 2.816668e+01
9.999873e-01 -4.597177e-03 2.055712e-03 -1.895500e-01 4.589048e-03 9.999818e-01 3.942536e-03 -5.222972e-01 -2.073801e-03 -3.933052e-03 9.999902e-01 2.951810e+01
9.999839e-01 -4.950534e-03 2.769325e-03 -1.913443e-01 4.946080e-03 9.999865e-01 1.613278e-03 -5.480706e-01 -2.777275e-03 -1.599555e-03 9.999949e-01 3.088302e+01
9.999928e-01 -2.458139e-03 2.904462e-03 -2.003872e-01 2.459655e-03 9.999969e-01 -5.180851e-04 -5.531212e-01 -2.903181e-03 5.252254e-04 9.999957e-01 3.224101e+01
9.999928e-01 -6.528002e-04 3.731261e-03 -2.079241e-01 6.549971e-04 9.999997e-01 -5.871696e-04 -5.939294e-01 -3.730878e-03 5.896095e-04 9.999929e-01 3.365973e+01
9.999907e-01 -1.282726e-04 4.303875e-03 -2.105255e-01 1.320307e-04 9.999997e-01 -8.725369e-04 -6.160737e-01 -4.303763e-03 8.730972e-04 9.999904e-01 3.505419e+01
9.999942e-01 -8.341610e-05 3.390370e-03 -2.212997e-01 8.141739e-05 9.999999e-01 5.901405e-04 -6.459895e-01 -3.390420e-03 -5.898609e-04 9.999942e-01 3.644718e+01
9.999934e-01 1.662850e-03 3.224666e-03 -2.229724e-01 -1.668563e-03 9.999971e-01 1.770395e-03 -6.815795e-01 -3.221714e-03 -1.775764e-03 9.999933e-01 3.785674e+01
9.999879e-01 4.175084e-03 2.590885e-03 -2.332594e-01 -4.182136e-03 9.999876e-01 2.723066e-03 -7.097649e-01 -2.579485e-03 -2.733869e-03 9.999930e-01 3.924448e+01
9.999744e-01 6.526594e-03 2.942387e-03 -2.519086e-01 -6.534064e-03 9.999755e-01 2.536841e-03 -7.267024e-01 -2.925759e-03 -2.556001e-03 9.999925e-01 4.063880e+01
9.999577e-01 8.446464e-03 3.652149e-03 -2.697985e-01 -8.456379e-03 9.999606e-01 2.708545e-03 -7.456848e-01 -3.629129e-03 -2.739315e-03 9.999897e-01 4.203321e+01
9.999447e-01 1.006594e-02 3.051843e-03 -2.900497e-01 -1.007497e-02 9.999449e-01 2.958461e-03 -7.664696e-01 -3.021897e-03 -2.989045e-03 9.999910e-01 4.342840e+01
9.999529e-01 9.189512e-03 3.113457e-03 -2.851732e-01 -9.199788e-03 9.999523e-01 3.302996e-03 -7.941369e-01 -3.082957e-03 -3.331484e-03 9.999898e-01 4.485289e+01
9.999656e-01 8.042906e-03 2.030413e-03 -2.674666e-01 -8.048005e-03 9.999645e-01 2.516396e-03 -8.200648e-01 -2.010103e-03 -2.532651e-03 9.999949e-01 4.626148e+01
9.999728e-01 7.276123e-03 1.185092e-03 -2.755915e-01 -7.279190e-03 9.999702e-01 2.605197e-03 -8.397511e-01 -1.166103e-03 -2.613752e-03 9.999960e-01 4.767920e+01
9.999758e-01 6.937583e-03 -4.049057e-04 -2.946362e-01 -6.936140e-03 9.999700e-01 3.457674e-03 -8.604009e-01 4.288799e-04 -3.454782e-03 9.999940e-01 4.911866e+01
9.999636e-01 8.440735e-03 -1.269739e-03 -2.914065e-01 -8.435016e-03 9.999546e-01 4.442350e-03 -8.934315e-01 1.307176e-03 -4.431478e-03 9.999894e-01 5.052142e+01
9.999583e-01 8.943902e-03 -1.868950e-03 -2.981840e-01 -8.934520e-03 9.999478e-01 4.968106e-03 -9.168745e-01 1.913285e-03 -4.951200e-03 9.999860e-01 5.192979e+01
9.999569e-01 8.815680e-03 -2.895825e-03 -3.185878e-01 -8.799487e-03 9.999459e-01 5.557024e-03 -9.297379e-01 2.944655e-03 -5.531303e-03 9.999804e-01 5.334675e+01
9.999640e-01 7.627820e-03 -3.708291e-03 -3.306327e-01 -7.603506e-03 9.999499e-01 6.526589e-03 -9.592405e-01 3.757887e-03 -6.498158e-03 9.999719e-01 5.479221e+01
9.999698e-01 6.470051e-03 -4.299602e-03 -3.408456e-01 -6.441056e-03 9.999567e-01 6.723299e-03 -9.814992e-01 4.342914e-03 -6.695402e-03 9.999682e-01 5.621298e+01
9.999752e-01 4.752928e-03 -5.200273e-03 -3.445378e-01 -4.720212e-03 9.999692e-01 6.285234e-03 -1.007236e+00 5.229984e-03 -6.260531e-03 9.999668e-01 5.764333e+01
9.999826e-01 2.450288e-03 -5.370132e-03 -3.528556e-01 -2.414593e-03 9.999751e-01 6.643081e-03 -1.020875e+00 5.386274e-03 -6.629999e-03 9.999636e-01 5.906599e+01
9.999878e-01 1.493788e-03 -4.710929e-03 -3.675056e-01 -1.457002e-03 9.999686e-01 7.802080e-03 -1.043444e+00 4.722434e-03 -7.795120e-03 9.999585e-01 6.050508e+01
9.999911e-01 8.381246e-04 -4.125093e-03 -3.803864e-01 -8.022629e-04 9.999620e-01 8.687156e-03 -1.072395e+00 4.132215e-03 -8.683769e-03 9.999538e-01 6.193616e+01
9.999923e-01 -1.042400e-03 -3.787037e-03 -3.926924e-01 1.073813e-03 9.999650e-01 8.301889e-03 -1.099887e+00 3.778249e-03 -8.305892e-03 9.999584e-01 6.336671e+01
9.999902e-01 -3.055442e-03 -3.216856e-03 -4.048101e-01 3.079465e-03 9.999673e-01 7.488907e-03 -1.108389e+00 3.193867e-03 -7.498739e-03 9.999669e-01 6.477952e+01
9.999908e-01 -3.464347e-03 -2.547292e-03 -4.166850e-01 3.483676e-03 9.999649e-01 7.622553e-03 -1.116033e+00 2.520794e-03 -7.631356e-03 9.999678e-01 6.617132e+01
9.999975e-01 9.656866e-05 -2.243660e-03 -4.265925e-01 -7.995884e-05 9.999727e-01 7.401189e-03 -1.144498e+00 2.244311e-03 -7.400991e-03 9.999702e-01 6.757495e+01
9.999975e-01 1.849324e-03 -1.222519e-03 -4.491459e-01 -1.839609e-03 9.999672e-01 7.899606e-03 -1.177183e+00 1.237087e-03 -7.897338e-03 9.999681e-01 6.900705e+01
9.999895e-01 4.534348e-03 -7.061218e-04 -4.659205e-01 -4.527610e-03 9.999469e-01 9.266434e-03 -1.192300e+00 7.480999e-04 -9.263139e-03 9.999569e-01 7.043333e+01
9.999621e-01 8.708352e-03 9.858999e-05 -4.829196e-01 -8.708908e-03 9.999021e-01 1.096203e-02 -1.209606e+00 -3.120689e-06 -1.096247e-02 9.999400e-01 7.182969e+01
9.999186e-01 1.275103e-02 4.948437e-04 -4.990196e-01 -1.275563e-02 9.998605e-01 1.079008e-02 -1.230074e+00 -3.571915e-04 -1.079552e-02 9.999417e-01 7.323244e+01
9.998704e-01 1.603850e-02 1.403974e-03 -5.072719e-01 -1.605130e-02 9.998248e-01 9.635401e-03 -1.252317e+00 -1.249192e-03 -9.656688e-03 9.999527e-01 7.461551e+01
9.998547e-01 1.689795e-02 2.258081e-03 -5.212312e-01 -1.691958e-02 9.998076e-01 9.927487e-03 -1.261911e+00 -2.089894e-03 -9.964250e-03 9.999483e-01 7.600347e+01
9.998271e-01 1.841590e-02 2.558274e-03 -5.302081e-01 -1.844033e-02 9.997812e-01 9.881576e-03 -1.280797e+00 -2.375737e-03 -9.927043e-03 9.999480e-01 7.737562e+01
9.998596e-01 1.654587e-02 2.636657e-03 -5.324723e-01 -1.657150e-02 9.998126e-01 1.001314e-02 -1.296733e+00 -2.470488e-03 -1.005543e-02 9.999465e-01 7.876390e+01
9.998399e-01 1.773190e-02 2.415005e-03 -5.459411e-01 -1.775324e-02 9.998008e-01 9.122593e-03 -1.320433e+00 -2.252764e-03 -9.164006e-03 9.999556e-01 8.016583e+01
9.998554e-01 1.688146e-02 2.037318e-03 -5.465072e-01 -1.690027e-02 9.998111e-01 9.602074e-03 -1.334591e+00 -1.874838e-03 -9.635117e-03 9.999519e-01 8.156691e+01
9.998719e-01 1.590646e-02 1.763966e-03 -5.511399e-01 -1.592294e-02 9.998256e-01 9.761113e-03 -1.349948e+00 -1.608395e-03 -9.787950e-03 9.999509e-01 8.296858e+01
9.998915e-01 1.466542e-02 1.362708e-03 -5.717519e-01 -1.467817e-02 9.998436e-01 9.872471e-03 -1.371729e+00 -1.217712e-03 -9.891402e-03 9.999504e-01 8.436277e+01
9.998959e-01 1.442316e-02 4.069799e-04 -5.797605e-01 -1.442648e-02 9.998471e-01 9.888086e-03 -1.383943e+00 -2.643017e-04 -9.892928e-03 9.999511e-01 8.570062e+01
9.999024e-01 1.395383e-02 -6.287847e-04 -5.923950e-01 -1.394640e-02 9.998469e-01 1.057668e-02 -1.400485e+00 7.762720e-04 -1.056688e-02 9.999439e-01 8.703607e+01
9.999066e-01 1.352708e-02 -1.972600e-03 -6.005827e-01 -1.350338e-02 9.998420e-01 1.156640e-02 -1.418490e+00 2.128747e-03 -1.153868e-02 9.999312e-01 8.835420e+01
9.999380e-01 1.081980e-02 -2.626377e-03 -6.026909e-01 -1.078768e-02 9.998705e-01 1.194884e-02 -1.435357e+00 2.755319e-03 -1.191977e-02 9.999252e-01 8.971330e+01
9.999476e-01 9.593743e-03 -3.575055e-03 -6.118307e-01 -9.550033e-03 9.998819e-01 1.204874e-02 -1.450254e+00 3.690224e-03 -1.201396e-02 9.999211e-01 9.105736e+01
9.999539e-01 8.694082e-03 -4.065047e-03 -6.219832e-01 -8.644563e-03 9.998902e-01 1.204422e-02 -1.468409e+00 4.169313e-03 -1.200852e-02 9.999193e-01 9.247381e+01
9.999627e-01 7.488477e-03 -4.307200e-03 -6.357490e-01 -7.436493e-03 9.999009e-01 1.196062e-02 -1.486372e+00 4.396338e-03 -1.192815e-02 9.999193e-01 9.388372e+01
9.999629e-01 7.437126e-03 -4.354215e-03 -6.518046e-01 -7.387742e-03 9.999095e-01 1.124968e-02 -1.498920e+00 4.437485e-03 -1.121709e-02 9.999273e-01 9.527116e+01
9.999697e-01 6.527150e-03 -4.241865e-03 -6.719415e-01 -6.481146e-03 9.999211e-01 1.076949e-02 -1.516120e+00 4.311822e-03 -1.074167e-02 9.999331e-01 9.667679e+01
9.999669e-01 6.699596e-03 -4.610332e-03 -6.850925e-01 -6.651476e-03 9.999241e-01 1.037453e-02 -1.534774e+00 4.679485e-03 -1.034352e-02 9.999356e-01 9.802614e+01
9.999601e-01 7.816627e-03 -4.327431e-03 -6.992313e-01 -7.772343e-03 9.999183e-01 1.015690e-02 -1.549557e+00 4.406468e-03 -1.012286e-02 9.999391e-01 9.933080e+01
9.999536e-01 8.770593e-03 -3.985110e-03 -7.216031e-01 -8.726031e-03 9.999008e-01 1.106480e-02 -1.567826e+00 4.081758e-03 -1.102951e-02 9.999309e-01 1.006671e+02
9.999477e-01 9.419800e-03 -3.993020e-03 -7.374767e-01 -9.369529e-03 9.998790e-01 1.242652e-02 -1.580215e+00 4.109590e-03 -1.238845e-02 9.999149e-01 1.020117e+02
9.999542e-01 8.749427e-03 -3.880765e-03 -7.497883e-01 -8.702121e-03 9.998897e-01 1.204324e-02 -1.597633e+00 3.985706e-03 -1.200892e-02 9.999200e-01 1.033558e+02
9.999550e-01 8.856638e-03 -3.387518e-03 -7.697131e-01 -8.819731e-03 9.999033e-01 1.075850e-02 -1.612522e+00 3.482473e-03 -1.072814e-02 9.999365e-01 1.046849e+02
9.999519e-01 9.168533e-03 -3.490461e-03 -7.833481e-01 -9.135220e-03 9.999137e-01 9.442801e-03 -1.619842e+00 3.576735e-03 -9.410460e-03 9.999494e-01 1.060112e+02
9.999659e-01 7.382634e-03 -3.688944e-03 -7.924240e-01 -7.343791e-03 9.999187e-01 1.043405e-02 -1.629491e+00 3.765672e-03 -1.040661e-02 9.999388e-01 1.073246e+02
9.999840e-01 4.655322e-03 -3.202235e-03 -8.002802e-01 -4.614788e-03 9.999106e-01 1.255063e-02 -1.643089e+00 3.260374e-03 -1.253565e-02 9.999162e-01 1.086234e+02
9.999959e-01 1.792907e-03 -2.243074e-03 -8.118459e-01 -1.762409e-03 9.999070e-01 1.352468e-02 -1.670622e+00 2.267113e-03 -1.352067e-02 9.999061e-01 1.099192e+02
9.999985e-01 3.068215e-04 -1.707242e-03 -8.116629e-01 -2.848707e-04 9.999176e-01 1.284195e-02 -1.693538e+00 1.711039e-03 -1.284144e-02 9.999162e-01 1.112569e+02
9.999980e-01 1.732754e-03 -1.009156e-03 -8.217977e-01 -1.721708e-03 9.999398e-01 1.084476e-02 -1.704504e+00 1.027885e-03 -1.084300e-02 9.999408e-01 1.125611e+02
9.999895e-01 4.588465e-03 -1.176177e-04 -8.439951e-01 -4.587331e-03 9.999552e-01 8.290695e-03 -1.712503e+00 1.556525e-04 -8.290068e-03 9.999657e-01 1.139429e+02
9.999726e-01 7.248818e-03 1.513421e-03 -8.569560e-01 -7.260314e-03 9.999438e-01 7.735343e-03 -1.723936e+00 -1.457265e-03 -7.746119e-03 9.999690e-01 1.152695e+02
9.999513e-01 9.320721e-03 3.239008e-03 -8.584763e-01 -9.349657e-03 9.999155e-01 9.036765e-03 -1.731324e+00 -3.154506e-03 -9.066608e-03 9.999540e-01 1.166271e+02
9.999493e-01 9.079658e-03 4.354931e-03 -8.625146e-01 -9.129175e-03 9.998924e-01 1.148893e-02 -1.748052e+00 -4.250149e-03 -1.152811e-02 9.999246e-01 1.179531e+02
9.999550e-01 7.919286e-03 5.223596e-03 -8.701308e-01 -7.982862e-03 9.998930e-01 1.226472e-02 -1.780785e+00 -5.125910e-03 -1.230587e-02 9.999112e-01 1.192978e+02
9.999497e-01 7.884334e-03 6.190982e-03 -8.700792e-01 -7.959582e-03 9.998936e-01 1.222561e-02 -1.793850e+00 -6.093934e-03 -1.227427e-02 9.999062e-01 1.206155e+02
9.999437e-01 7.907546e-03 7.076197e-03 -8.723047e-01 -7.999705e-03 9.998824e-01 1.309198e-02 -1.795052e+00 -6.971840e-03 -1.314785e-02 9.998893e-01 1.219200e+02
9.999201e-01 9.666214e-03 8.142662e-03 -8.747246e-01 -9.769860e-03 9.998706e-01 1.278690e-02 -1.804178e+00 -8.018008e-03 -1.286544e-02 9.998852e-01 1.232518e+02
9.998726e-01 1.256913e-02 9.841241e-03 -8.805042e-01 -1.267726e-02 9.998592e-01 1.100395e-02 -1.805216e+00 -9.701546e-03 -1.112731e-02 9.998911e-01 1.245899e+02
9.998367e-01 1.448179e-02 1.080975e-02 -8.773490e-01 -1.459239e-02 9.998413e-01 1.022366e-02 -1.819314e+00 -1.065998e-02 -1.037973e-02 9.998894e-01 1.259518e+02
9.998512e-01 1.267057e-02 1.170891e-02 -8.726838e-01 -1.279151e-02 9.998651e-01 1.031247e-02 -1.834551e+00 -1.157667e-02 -1.046070e-02 9.998784e-01 1.272995e+02
9.998386e-01 1.266570e-02 1.274197e-02 -8.658466e-01 -1.281193e-02 9.998523e-01 1.146105e-02 -1.839636e+00 -1.259493e-02 -1.162245e-02 9.998532e-01 1.286500e+02
9.998377e-01 1.194848e-02 1.348022e-02 -8.529258e-01 -1.210965e-02 9.998555e-01 1.193874e-02 -1.861651e+00 -1.333562e-02 -1.210004e-02 9.998379e-01 1.299941e+02
9.998413e-01 1.126002e-02 1.380416e-02 -8.456751e-01 -1.143301e-02 9.998563e-01 1.251750e-02 -1.873529e+00 -1.366123e-02 -1.267334e-02 9.998264e-01 1.313276e+02
9.998611e-01 9.335704e-03 1.380411e-02 -8.382454e-01 -9.513887e-03 9.998716e-01 1.289920e-02 -1.890424e+00 -1.368191e-02 -1.302874e-02 9.998216e-01 1.326550e+02
9.998802e-01 7.498131e-03 1.354360e-02 -8.232010e-01 -7.684548e-03 9.998758e-01 1.376507e-02 -1.893218e+00 -1.343871e-02 -1.386750e-02 9.998136e-01 1.340200e+02
9.998979e-01 6.008408e-03 1.296232e-02 -8.155931e-01 -6.183621e-03 9.998895e-01 1.351979e-02 -1.911869e+00 -1.287965e-02 -1.359857e-02 9.998247e-01 1.353732e+02
9.999106e-01 5.691740e-03 1.210286e-02 -8.071459e-01 -5.849813e-03 9.998976e-01 1.306587e-02 -1.923423e+00 -1.202725e-02 -1.313550e-02 9.998415e-01 1.367201e+02
9.999343e-01 4.381602e-03 1.059091e-02 -8.041766e-01 -4.528927e-03 9.998928e-01 1.392695e-02 -1.922664e+00 -1.052875e-02 -1.397400e-02 9.998470e-01 1.380310e+02
9.999511e-01 2.935002e-03 9.440548e-03 -7.935854e-01 -3.073291e-03 9.998878e-01 1.466763e-02 -1.938365e+00 -9.396440e-03 -1.469593e-02 9.998479e-01 1.393376e+02
9.999634e-01 2.286285e-03 8.238227e-03 -7.899559e-01 -2.405480e-03 9.998922e-01 1.448797e-02 -1.952249e+00 -8.204216e-03 -1.450726e-02 9.998612e-01 1.406615e+02
9.999749e-01 1.118218e-03 7.000416e-03 -7.857437e-01 -1.222510e-03 9.998881e-01 1.491169e-02 -1.958640e+00 -6.982959e-03 -1.491987e-02 9.998644e-01 1.419843e+02
9.999816e-01 2.856389e-05 6.058481e-03 -7.818401e-01 -1.120271e-04 9.999052e-01 1.377664e-02 -1.955778e+00 -6.057514e-03 -1.377707e-02 9.998868e-01 1.433470e+02
9.999868e-01 -1.355157e-03 4.948010e-03 -7.821033e-01 1.297001e-03 9.999303e-01 1.173805e-02 -1.969264e+00 -4.963573e-03 -1.173147e-02 9.999189e-01 1.446791e+02
9.999822e-01 -4.465810e-03 3.947452e-03 -7.797376e-01 4.423682e-03 9.999339e-01 1.061769e-02 -1.993775e+00 -3.994609e-03 -1.060004e-02 9.999359e-01 1.460427e+02
9.999293e-01 -1.157943e-02 2.716174e-03 -7.780424e-01 1.154443e-02 9.998545e-01 1.256588e-02 -1.988247e+00 -2.861285e-03 -1.253364e-02 9.999174e-01 1.474072e+02
9.998256e-01 -1.862906e-02 1.282424e-03 -7.632299e-01 1.860748e-02 9.997118e-01 1.517087e-02 -2.023908e+00 -1.564675e-03 -1.514436e-02 9.998842e-01 1.487573e+02
9.997288e-01 -2.328822e-02 8.395994e-05 -7.555602e-01 2.328480e-02 9.996322e-01 1.390490e-02 -2.051072e+00 -4.077510e-04 -1.389918e-02 9.999034e-01 1.501070e+02
9.997041e-01 -2.431607e-02 6.896412e-04 -7.590880e-01 2.430756e-02 9.996502e-01 1.042602e-02 -2.053354e+00 -9.429213e-04 -1.040617e-02 9.999455e-01 1.514198e+02
9.998200e-01 -1.891708e-02 1.462174e-03 -7.738069e-01 1.890859e-02 9.998055e-01 5.622244e-03 -2.035623e+00 -1.568247e-03 -5.593584e-03 9.999832e-01 1.527056e+02
9.998551e-01 -1.685415e-02 2.399678e-03 -7.763082e-01 1.684034e-02 9.998422e-01 5.665194e-03 -2.070867e+00 -2.494783e-03 -5.623961e-03 9.999812e-01 1.540298e+02
9.998028e-01 -1.964576e-02 2.898714e-03 -7.770423e-01 1.962030e-02 9.997709e-01 8.566105e-03 -2.086052e+00 -3.066339e-03 -8.507542e-03 9.999592e-01 1.553696e+02
9.996841e-01 -2.492520e-02 3.239484e-03 -7.643183e-01 2.488282e-02 9.996120e-01 1.252374e-02 -2.112853e+00 -3.550386e-03 -1.243918e-02 9.999164e-01 1.567449e+02
9.995548e-01 -2.966506e-02 3.184330e-03 -7.577043e-01 2.961715e-02 9.994610e-01 1.416410e-02 -2.126379e+00 -3.602793e-03 -1.406348e-02 9.998947e-01 1.581041e+02
9.994676e-01 -3.245598e-02 3.319616e-03 -7.588180e-01 3.239988e-02 9.993509e-01 1.574982e-02 -2.136383e+00 -3.828638e-03 -1.563389e-02 9.998705e-01 1.594968e+02
9.994244e-01 -3.365789e-02 4.237907e-03 -7.487044e-01 3.358488e-02 9.993037e-01 1.625951e-02 -2.127899e+00 -4.782218e-03 -1.610782e-02 9.998589e-01 1.608476e+02
9.996014e-01 -2.771801e-02 5.363312e-03 -7.666344e-01 2.763413e-02 9.995037e-01 1.512791e-02 -2.138625e+00 -5.779967e-03 -1.497367e-02 9.998713e-01 1.621931e+02
9.997327e-01 -2.220348e-02 6.436435e-03 -7.694226e-01 2.211785e-02 9.996698e-01 1.308431e-02 -2.157099e+00 -6.724828e-03 -1.293846e-02 9.998938e-01 1.635326e+02
9.997831e-01 -1.956310e-02 7.145692e-03 -7.715619e-01 1.947419e-02 9.997347e-01 1.230715e-02 -2.163941e+00 -7.384563e-03 -1.216532e-02 9.998988e-01 1.648953e+02
9.997707e-01 -2.014921e-02 7.252376e-03 -7.692885e-01 2.004628e-02 9.997011e-01 1.399678e-02 -2.162311e+00 -7.532233e-03 -1.384818e-02 9.998758e-01 1.662570e+02
9.998058e-01 -1.836157e-02 7.158873e-03 -7.777308e-01 1.826029e-02 9.997358e-01 1.396520e-02 -2.181621e+00 -7.413405e-03 -1.383177e-02 9.998769e-01 1.676331e+02
9.998452e-01 -1.629547e-02 6.637028e-03 -7.805971e-01 1.621588e-02 9.997981e-01 1.187457e-02 -2.195417e+00 -6.829191e-03 -1.176511e-02 9.999075e-01 1.690059e+02
9.998854e-01 -1.377546e-02 6.275428e-03 -7.765977e-01 1.372372e-02 9.998721e-01 8.214914e-03 -2.203147e+00 -6.387791e-03 -8.127851e-03 9.999466e-01 1.703430e+02
9.999434e-01 -8.853408e-03 5.901088e-03 -7.773043e-01 8.815068e-03 9.999401e-01 6.491880e-03 -2.203005e+00 -5.958212e-03 -6.439494e-03 9.999616e-01 1.717011e+02
9.999805e-01 -1.311669e-03 6.111182e-03 -7.879894e-01 1.266925e-03 9.999725e-01 7.320038e-03 -2.206754e+00 -6.120616e-03 -7.312153e-03 9.999546e-01 1.730732e+02
9.999708e-01 2.475559e-03 7.222873e-03 -7.943060e-01 -2.555484e-03 9.999354e-01 1.107755e-02 -2.243428e+00 -7.194984e-03 -1.109569e-02 9.999126e-01 1.744107e+02
9.999740e-01 1.047007e-03 7.140092e-03 -8.033060e-01 -1.143936e-03 9.999071e-01 1.358495e-02 -2.263281e+00 -7.125207e-03 -1.359277e-02 9.998823e-01 1.758129e+02
9.999799e-01 -1.231210e-03 6.211071e-03 -8.003432e-01 1.141876e-03 9.998962e-01 1.436631e-02 -2.276664e+00 -6.228115e-03 -1.435893e-02 9.998776e-01 1.772020e+02
9.999822e-01 -4.197533e-03 4.238314e-03 -7.954659e-01 4.137857e-03 9.998936e-01 1.399257e-02 -2.266153e+00 -4.296598e-03 -1.397478e-02 9.998932e-01 1.786018e+02
9.999892e-01 -3.942018e-03 2.462182e-03 -8.007625e-01 3.914703e-03 9.999319e-01 1.100231e-02 -2.289564e+00 -2.505387e-03 -1.099255e-02 9.999365e-01 1.800041e+02
9.999986e-01 -1.363271e-03 9.394251e-04 -8.054059e-01 1.357495e-03 9.999804e-01 6.123147e-03 -2.308283e+00 -9.477556e-04 -6.121863e-03 9.999809e-01 1.813927e+02
9.999970e-01 2.421495e-03 2.461736e-04 -8.197699e-01 -2.422416e-03 9.999898e-01 3.818489e-03 -2.297800e+00 -2.369262e-04 -3.819074e-03 9.999928e-01 1.827457e+02
9.999691e-01 7.854718e-03 3.167015e-04 -8.416843e-01 -7.856462e-03 9.999515e-01 5.951257e-03 -2.325394e+00 -2.699422e-04 -5.953562e-03 9.999823e-01 1.841096e+02
9.999550e-01 9.487316e-03 2.201222e-04 -8.572152e-01 -9.489029e-03 9.999060e-01 9.905960e-03 -2.355026e+00 -1.261221e-04 -9.907602e-03 9.999510e-01 1.854820e+02
9.999613e-01 8.780716e-03 5.394779e-04 -8.666550e-01 -8.786517e-03 9.998906e-01 1.190770e-02 -2.359759e+00 -4.348622e-04 -1.191198e-02 9.999290e-01 1.868818e+02
9.999670e-01 8.100260e-03 5.840587e-04 -8.775009e-01 -8.107143e-03 9.998834e-01 1.294880e-02 -2.371748e+00 -4.791035e-04 -1.295310e-02 9.999161e-01 1.882697e+02
9.999819e-01 5.969464e-03 6.938988e-04 -8.764958e-01 -5.978302e-03 9.998907e-01 1.352404e-02 -2.378285e+00 -6.130932e-04 -1.352794e-02 9.999084e-01 1.897024e+02
9.999946e-01 3.154096e-03 8.975569e-04 -8.798196e-01 -3.166633e-03 9.998924e-01 1.433004e-02 -2.369994e+00 -8.522635e-04 -1.433281e-02 9.998970e-01 1.911354e+02
9.999985e-01 1.082506e-03 1.313829e-03 -8.763816e-01 -1.101812e-03 9.998902e-01 1.478484e-02 -2.385220e+00 -1.297681e-03 -1.478626e-02 9.998899e-01 1.925700e+02
9.999968e-01 -1.911123e-03 1.626354e-03 -8.790014e-01 1.885519e-03 9.998766e-01 1.560281e-02 -2.385656e+00 -1.655974e-03 -1.559969e-02 9.998770e-01 1.939758e+02
9.999808e-01 -5.913109e-03 1.861754e-03 -8.856883e-01 5.880890e-03 9.998406e-01 1.686097e-02 -2.399953e+00 -1.961160e-03 -1.684970e-02 9.998562e-01 1.953752e+02
9.999498e-01 -9.781142e-03 2.186333e-03 -8.846664e-01 9.742434e-03 9.998070e-01 1.706530e-02 -2.423539e+00 -2.352830e-03 -1.704314e-02 9.998521e-01 1.967736e+02
9.999600e-01 -8.625039e-03 2.378604e-03 -8.885588e-01 8.590634e-03 9.998635e-01 1.411462e-02 -2.431342e+00 -2.500020e-03 -1.409363e-02 9.998976e-01 1.982095e+02
9.999907e-01 -3.304814e-03 2.761381e-03 -9.016182e-01 3.280199e-03 9.999553e-01 8.872113e-03 -2.435133e+00 -2.790580e-03 -8.862973e-03 9.999569e-01 1.996283e+02
9.999782e-01 5.241422e-03 4.023126e-03 -9.144767e-01 -5.269974e-03 9.999608e-01 7.119719e-03 -2.406178e+00 -3.985653e-03 -7.140765e-03 9.999666e-01 2.010944e+02
9.998586e-01 1.586530e-02 5.574973e-03 -9.423388e-01 -1.592079e-02 9.998228e-01 1.005452e-02 -2.426947e+00 -5.414468e-03 -1.014186e-02 9.999340e-01 2.025803e+02
9.998097e-01 1.834894e-02 6.616548e-03 -9.486006e-01 -1.843203e-02 9.997492e-01 1.272371e-02 -2.453749e+00 -6.381424e-03 -1.284325e-02 9.998972e-01 2.040490e+02
9.998575e-01 1.579762e-02 5.952471e-03 -9.485999e-01 -1.588134e-02 9.997718e-01 1.428953e-02 -2.477701e+00 -5.725373e-03 -1.438203e-02 9.998803e-01 2.054624e+02
9.999139e-01 1.234383e-02 4.461315e-03 -9.439600e-01 -1.240755e-02 9.998172e-01 1.454887e-02 -2.468358e+00 -4.280912e-03 -1.460297e-02 9.998843e-01 2.068524e+02
9.999106e-01 1.289837e-02 3.519130e-03 -9.330892e-01 -1.294922e-02 9.998062e-01 1.482953e-02 -2.479755e+00 -3.327172e-03 -1.487377e-02 9.998839e-01 2.082672e+02
9.999157e-01 1.269378e-02 2.730925e-03 -9.394867e-01 -1.273143e-02 9.998176e-01 1.424181e-02 -2.483624e+00 -2.549645e-03 -1.427537e-02 9.998949e-01 2.097051e+02
9.999325e-01 1.129792e-02 2.720036e-03 -9.476683e-01 -1.133429e-02 9.998413e-01 1.374890e-02 -2.488023e+00 -2.564272e-03 -1.377880e-02 9.999019e-01 2.111911e+02
9.999179e-01 1.257915e-02 2.431881e-03 -9.588176e-01 -1.261307e-02 9.998157e-01 1.447423e-02 -2.491726e+00 -2.249361e-03 -1.450372e-02 9.998924e-01 2.126580e+02
9.999188e-01 1.251345e-02 2.395347e-03 -9.595038e-01 -1.254650e-02 9.998188e-01 1.431969e-02 -2.507429e+00 -2.215725e-03 -1.434858e-02 9.998947e-01 2.141630e+02
9.999170e-01 1.270644e-02 2.125063e-03 -9.660507e-01 -1.273506e-02 9.998203e-01 1.404415e-02 -2.521626e+00 -1.946231e-03 -1.407005e-02 9.998992e-01 2.156353e+02
9.999127e-01 1.308604e-02 1.844696e-03 -9.739595e-01 -1.311014e-02 9.998200e-01 1.372200e-02 -2.528001e+00 -1.664798e-03 -1.374498e-02 9.999042e-01 2.171144e+02
9.999046e-01 1.374261e-02 1.416482e-03 -9.798721e-01 -1.376078e-02 9.998111e-01 1.373199e-02 -2.534666e+00 -1.227503e-03 -1.375017e-02 9.999048e-01 2.186079e+02
9.999061e-01 1.366495e-02 9.907174e-04 -9.778780e-01 -1.367699e-02 9.998169e-01 1.338728e-02 -2.544498e+00 -8.076010e-04 -1.339957e-02 9.999100e-01 2.200785e+02
9.999243e-01 1.227156e-02 8.547740e-04 -9.901301e-01 -1.228181e-02 9.998367e-01 1.326062e-02 -2.554005e+00 -6.919075e-04 -1.327011e-02 9.999118e-01 2.215384e+02
9.999048e-01 1.379561e-02 2.428868e-04 -1.004527e+00 -1.379761e-02 9.998183e-01 1.315553e-02 -2.562187e+00 -6.135552e-05 -1.315763e-02 9.999135e-01 2.230107e+02
9.999072e-01 1.362385e-02 1.643815e-04 -1.015309e+00 -1.362483e-02 9.998217e-01 1.307621e-02 -2.573986e+00 1.379460e-05 -1.307724e-02 9.999146e-01 2.244759e+02
9.998813e-01 1.540156e-02 -3.026245e-04 -1.019430e+00 -1.539604e-02 9.997897e-01 1.355151e-02 -2.575087e+00 5.112737e-04 -1.354525e-02 9.999082e-01 2.259238e+02
9.998717e-01 1.600923e-02 -4.538433e-04 -1.031244e+00 -1.600148e-02 9.997776e-01 1.374108e-02 -2.597019e+00 6.737250e-04 -1.373206e-02 9.999056e-01 2.274107e+02
9.999111e-01 1.333580e-02 -5.608138e-05 -1.028254e+00 -1.333393e-02 9.998258e-01 1.306201e-02 -2.616430e+00 2.302624e-04 -1.306010e-02 9.999148e-01 2.288913e+02
9.999176e-01 1.283494e-02 -1.185368e-05 -1.038197e+00 -1.283364e-02 9.998287e-01 1.334453e-02 -2.625577e+00 1.831265e-04 -1.334328e-02 9.999110e-01 2.303898e+02
9.999394e-01 1.100529e-02 -6.420682e-05 -1.057346e+00 -1.100320e-02 9.998344e-01 1.449741e-02 -2.620401e+00 2.237429e-04 -1.449583e-02 9.998950e-01 2.319238e+02
9.999298e-01 1.184525e-02 -1.494992e-04 -1.059286e+00 -1.184167e-02 9.998175e-01 1.499216e-02 -2.640359e+00 3.270562e-04 -1.498934e-02 9.998877e-01 2.334370e+02
9.999249e-01 1.225397e-02 -1.557309e-04 -1.072842e+00 -1.225028e-02 9.998137e-01 1.491918e-02 -2.647991e+00 3.385195e-04 -1.491616e-02 9.998888e-01 2.349420e+02
9.999185e-01 1.276323e-02 1.442709e-04 -1.081218e+00 -1.276399e-02 9.998160e-01 1.432192e-02 -2.659267e+00 3.854806e-05 -1.432259e-02 9.998975e-01 2.364284e+02
9.999072e-01 1.361781e-02 4.399674e-04 -1.100611e+00 -1.362300e-02 9.997866e-01 1.553259e-02 -2.651734e+00 -2.283552e-04 -1.553714e-02 9.998793e-01 2.379375e+02
9.999160e-01 1.291549e-02 1.115998e-03 -1.106874e+00 -1.293328e-02 9.997586e-01 1.776290e-02 -2.653599e+00 -8.863133e-04 -1.777584e-02 9.998417e-01 2.394187e+02
9.999255e-01 1.213240e-02 1.334309e-03 -1.119596e+00 -1.215434e-02 9.997661e-01 1.789203e-02 -2.671831e+00 -1.116925e-03 -1.790691e-02 9.998391e-01 2.409325e+02
9.999187e-01 1.262146e-02 1.838072e-03 -1.127070e+00 -1.265054e-02 9.997793e-01 1.677397e-02 -2.677399e+00 -1.625956e-03 -1.679586e-02 9.998577e-01 2.424402e+02
9.999146e-01 1.278525e-02 2.713913e-03 -1.135097e+00 -1.282535e-02 9.998006e-01 1.531217e-02 -2.678549e+00 -2.517603e-03 -1.534567e-02 9.998792e-01 2.439751e+02
9.998999e-01 1.381904e-02 3.039436e-03 -1.143249e+00 -1.386355e-02 9.997892e-01 1.514545e-02 -2.674073e+00 -2.829501e-03 -1.518607e-02 9.998808e-01 2.455072e+02
9.998921e-01 1.439164e-02 2.926808e-03 -1.152903e+00 -1.443631e-02 9.997700e-01 1.586268e-02 -2.676181e+00 -2.697846e-03 -1.590322e-02 9.998700e-01 2.470575e+02
9.999007e-01 1.380738e-02 2.824426e-03 -1.158725e+00 -1.385531e-02 9.997471e-01 1.771929e-02 -2.682001e+00 -2.579056e-03 -1.775667e-02 9.998391e-01 2.485807e+02
9.999141e-01 1.290872e-02 2.259963e-03 -1.160872e+00 -1.294929e-02 9.997363e-01 1.896830e-02 -2.690775e+00 -2.014511e-03 -1.899594e-02 9.998176e-01 2.500781e+02
9.998952e-01 1.425366e-02 2.538067e-03 -1.163944e+00 -1.429937e-02 9.997171e-01 1.901011e-02 -2.689045e+00 -2.266386e-03 -1.904441e-02 9.998162e-01 2.516141e+02
9.998652e-01 1.624200e-02 2.390340e-03 -1.176519e+00 -1.628230e-02 9.997066e-01 1.793734e-02 -2.700331e+00 -2.098302e-03 -1.797384e-02 9.998363e-01 2.531502e+02
9.998553e-01 1.683153e-02 2.465367e-03 -1.192857e+00 -1.687367e-02 9.996919e-01 1.820851e-02 -2.695221e+00 -2.158131e-03 -1.824747e-02 9.998313e-01 2.546725e+02
9.998710e-01 1.585198e-02 2.568002e-03 -1.197538e+00 -1.589771e-02 9.996951e-01 1.889482e-02 -2.699721e+00 -2.267700e-03 -1.893321e-02 9.998183e-01 2.561988e+02
9.999052e-01 1.355076e-02 2.436563e-03 -1.201299e+00 -1.359788e-02 9.996976e-01 2.049068e-02 -2.693878e+00 -2.158163e-03 -2.052186e-02 9.997872e-01 2.577375e+02
9.999372e-01 1.095399e-02 2.365294e-03 -1.201761e+00 -1.100185e-02 9.997133e-01 2.126916e-02 -2.708411e+00 -2.131635e-03 -2.129384e-02 9.997711e-01 2.592920e+02
9.999617e-01 8.597509e-03 1.658278e-03 -1.208496e+00 -8.629671e-03 9.997532e-01 2.047625e-02 -2.710642e+00 -1.481826e-03 -2.048977e-02 9.997890e-01 2.608429e+02
9.999602e-01 8.806250e-03 1.445296e-03 -1.211877e+00 -8.832173e-03 9.997799e-01 1.903552e-02 -2.712952e+00 -1.277348e-03 -1.904753e-02 9.998178e-01 2.623881e+02
9.999741e-01 6.908074e-03 1.993950e-03 -1.212912e+00 -6.947371e-03 9.997673e-01 2.042495e-02 -2.706042e+00 -1.852391e-03 -2.043828e-02 9.997895e-01 2.639252e+02
9.999892e-01 3.811054e-03 2.670653e-03 -1.217998e+00 -3.870050e-03 9.997406e-01 2.244562e-02 -2.699093e+00 -2.584420e-03 -2.245572e-02 9.997446e-01 2.654635e+02
9.999932e-01 2.334773e-03 2.860207e-03 -1.209928e+00 -2.397655e-03 9.997511e-01 2.218309e-02 -2.710363e+00 -2.807704e-03 -2.218979e-02 9.997499e-01 2.669815e+02
9.999933e-01 1.783805e-03 3.206654e-03 -1.211383e+00 -1.853244e-03 9.997610e-01 2.178447e-02 -2.701595e+00 -3.167030e-03 -2.179027e-02 9.997576e-01 2.685111e+02
9.999924e-01 1.208936e-03 3.717617e-03 -1.223445e+00 -1.290557e-03 9.997565e-01 2.203226e-02 -2.693057e+00 -3.690077e-03 -2.203689e-02 9.997504e-01 2.700436e+02
9.999829e-01 3.673304e-03 4.559391e-03 -1.234236e+00 -3.771120e-03 9.997589e-01 2.163426e-02 -2.690156e+00 -4.478823e-03 -2.165108e-02 9.997556e-01 2.715924e+02
9.999716e-01 5.060768e-03 5.577066e-03 -1.238894e+00 -5.178283e-03 9.997606e-01 2.126237e-02 -2.690337e+00 -5.468128e-03 -2.129064e-02 9.997585e-01 2.731506e+02
9.999604e-01 6.023126e-03 6.551953e-03 -1.235947e+00 -6.162309e-03 9.997513e-01 2.143475e-02 -2.690072e+00 -6.421221e-03 -2.147427e-02 9.997489e-01 2.746985e+02
9.999552e-01 6.071843e-03 7.257624e-03 -1.236193e+00 -6.224195e-03 9.997568e-01 2.115723e-02 -2.693009e+00 -7.127397e-03 -2.120146e-02 9.997499e-01 2.762473e+02
9.999408e-01 6.845882e-03 8.452887e-03 -1.234499e+00 -7.021517e-03 9.997564e-01 2.092649e-02 -2.687480e+00 -8.307568e-03 -2.098461e-02 9.997454e-01 2.777891e+02
9.999332e-01 7.146100e-03 9.081652e-03 -1.233832e+00 -7.332049e-03 9.997608e-01 2.060980e-02 -2.691287e+00 -8.932201e-03 -2.067501e-02 9.997464e-01 2.792978e+02
9.999257e-01 7.138088e-03 9.879885e-03 -1.231862e+00 -7.346030e-03 9.997489e-01 2.117346e-02 -2.685074e+00 -9.726267e-03 -2.124446e-02 9.997271e-01 2.808367e+02
9.999294e-01 5.324156e-03 1.062215e-02 -1.225400e+00 -5.557566e-03 9.997411e-01 2.206691e-02 -2.689884e+00 -1.050191e-02 -2.212438e-02 9.997001e-01 2.823851e+02
9.999342e-01 3.945157e-03 1.077230e-02 -1.221613e+00 -4.189119e-03 9.997332e-01 2.271951e-02 -2.692082e+00 -1.067980e-02 -2.276314e-02 9.996839e-01 2.839417e+02
9.999336e-01 2.252350e-03 1.129916e-02 -1.205552e+00 -2.488047e-03 9.997788e-01 2.088935e-02 -2.703426e+00 -1.124961e-02 -2.091608e-02 9.997180e-01 2.855029e+02
9.999370e-01 2.241178e-03 1.099858e-02 -1.201923e+00 -2.443736e-03 9.998271e-01 1.843817e-02 -2.699088e+00 -1.095536e-02 -1.846389e-02 9.997696e-01 2.870543e+02
9.999444e-01 2.932323e-03 1.013192e-02 -1.194909e+00 -3.112601e-03 9.998364e-01 1.782350e-02 -2.682515e+00 -1.007800e-02 -1.785404e-02 9.997899e-01 2.885963e+02
9.999532e-01 2.251545e-03 9.407556e-03 -1.185751e+00 -2.426105e-03 9.998244e-01 1.858544e-02 -2.685677e+00 -9.364059e-03 -1.860739e-02 9.997831e-01 2.901391e+02
9.999631e-01 2.196039e-03 8.300978e-03 -1.189678e+00 -2.344809e-03 9.998361e-01 1.795514e-02 -2.702578e+00 -8.260189e-03 -1.797394e-02 9.998044e-01 2.916629e+02
9.999652e-01 2.730237e-03 7.876948e-03 -1.184394e+00 -2.877167e-03 9.998210e-01 1.870277e-02 -2.719674e+00 -7.824476e-03 -1.872478e-02 9.997941e-01 2.931971e+02
9.999686e-01 2.843984e-03 7.390788e-03 -1.183875e+00 -2.984802e-03 9.998129e-01 1.911277e-02 -2.715369e+00 -7.335050e-03 -1.913423e-02 9.997901e-01 2.947589e+02
9.999752e-01 2.547291e-03 6.559622e-03 -1.176013e+00 -2.669525e-03 9.998218e-01 1.869363e-02 -2.712876e+00 -6.510836e-03 -1.871068e-02 9.998038e-01 2.963535e+02
9.999786e-01 3.138819e-03 5.747224e-03 -1.164124e+00 -3.250244e-03 9.998050e-01 1.948223e-02 -2.712133e+00 -5.684953e-03 -1.950049e-02 9.997938e-01 2.979580e+02
9.999797e-01 4.006005e-03 4.962448e-03 -1.168335e+00 -4.109580e-03 9.997702e-01 2.104075e-02 -2.708954e+00 -4.877020e-03 -2.106071e-02 9.997664e-01 2.995299e+02
9.999781e-01 4.146691e-03 5.147816e-03 -1.162024e+00 -4.256412e-03 9.997601e-01 2.148965e-02 -2.714158e+00 -5.057472e-03 -2.151109e-02 9.997559e-01 3.010861e+02
9.999720e-01 4.008816e-03 6.326003e-03 -1.164748e+00 -4.145714e-03 9.997543e-01 2.177811e-02 -2.710035e+00 -6.237145e-03 -2.180373e-02 9.997429e-01 3.026368e+02
9.999692e-01 2.954563e-03 7.265359e-03 -1.167851e+00 -3.108916e-03 9.997678e-01 2.132660e-02 -2.701980e+00 -7.200662e-03 -2.134853e-02 9.997462e-01 3.042363e+02
9.999712e-01 9.752548e-04 7.529627e-03 -1.162472e+00 -1.130790e-03 9.997856e-01 2.068005e-02 -2.697737e+00 -7.507845e-03 -2.068797e-02 9.997579e-01 3.058477e+02
9.999713e-01 -1.053271e-04 7.571953e-03 -1.154751e+00 -3.974075e-05 9.998166e-01 1.915609e-02 -2.697217e+00 -7.572583e-03 -1.915584e-02 9.997879e-01 3.074892e+02
9.999687e-01 -1.943660e-04 7.912889e-03 -1.147007e+00 4.770578e-05 9.998284e-01 1.853053e-02 -2.685258e+00 -7.915134e-03 -1.852957e-02 9.997971e-01 3.090959e+02
9.999776e-01 3.092284e-04 6.679769e-03 -1.156139e+00 -4.230901e-04 9.998546e-01 1.705131e-02 -2.697098e+00 -6.673526e-03 -1.705376e-02 9.998324e-01 3.106901e+02
9.999915e-01 7.301919e-04 4.058317e-03 -1.155249e+00 -7.999030e-04 9.998518e-01 1.720276e-02 -2.699299e+00 -4.045155e-03 -1.720586e-02 9.998439e-01 3.122773e+02
9.999947e-01 1.863982e-03 2.662365e-03 -1.150385e+00 -1.920050e-03 9.997731e-01 2.121525e-02 -2.688877e+00 -2.622218e-03 -2.122025e-02 9.997715e-01 3.139323e+02
9.999964e-01 9.881125e-04 2.494297e-03 -1.158249e+00 -1.048515e-03 9.997034e-01 2.433283e-02 -2.683554e+00 -2.469516e-03 -2.433535e-02 9.997009e-01 3.155628e+02
9.999924e-01 -4.179219e-04 3.868666e-03 -1.163328e+00 3.209284e-04 9.996865e-01 2.503873e-02 -2.685710e+00 -3.877918e-03 -2.503730e-02 9.996791e-01 3.171767e+02
9.999899e-01 -1.354150e-03 4.289079e-03 -1.166989e+00 1.249785e-03 9.997054e-01 2.424312e-02 -2.682685e+00 -4.320645e-03 -2.423752e-02 9.996970e-01 3.187982e+02
9.999835e-01 -2.471781e-03 5.187825e-03 -1.162896e+00 2.345834e-03 9.997058e-01 2.414495e-02 -2.660400e+00 -5.245981e-03 -2.413238e-02 9.996951e-01 3.204192e+02
9.999823e-01 -2.499295e-03 5.395929e-03 -1.165845e+00 2.366222e-03 9.996964e-01 2.452916e-02 -2.652892e+00 -5.455598e-03 -2.451595e-02 9.996846e-01 3.220418e+02
9.999821e-01 -2.102074e-03 5.601335e-03 -1.164993e+00 1.966834e-03 9.997091e-01 2.404159e-02 -2.659186e+00 -5.650244e-03 -2.403015e-02 9.996953e-01 3.236734e+02
9.999792e-01 -9.684165e-04 6.378093e-03 -1.163642e+00 8.160013e-04 9.997151e-01 2.385633e-02 -2.659360e+00 -6.399380e-03 -2.385063e-02 9.996951e-01 3.253018e+02
9.999782e-01 -1.300828e-04 6.594735e-03 -1.170618e+00 -2.411941e-05 9.997268e-01 2.337741e-02 -2.654957e+00 -6.595975e-03 -2.337706e-02 9.997050e-01 3.269318e+02
9.999700e-01 -9.250641e-04 7.694592e-03 -1.163109e+00 7.337661e-04 9.996915e-01 2.482734e-02 -2.646237e+00 -7.715187e-03 -2.482095e-02 9.996622e-01 3.285687e+02
9.999692e-01 -2.345726e-03 7.486603e-03 -1.158213e+00 2.146918e-03 9.996478e-01 2.645387e-02 -2.638095e+00 -7.546021e-03 -2.643698e-02 9.996221e-01 3.302005e+02
9.999685e-01 -2.793034e-03 7.425247e-03 -1.155995e+00 2.600730e-03 9.996642e-01 2.578359e-02 -2.637408e+00 -7.494769e-03 -2.576346e-02 9.996401e-01 3.318231e+02
9.999658e-01 -2.042126e-03 8.017065e-03 -1.149645e+00 1.837126e-03 9.996733e-01 2.549527e-02 -2.631416e+00 -8.066511e-03 -2.547966e-02 9.996429e-01 3.334187e+02
9.999680e-01 -8.255495e-04 7.960087e-03 -1.152286e+00 6.349490e-04 9.997138e-01 2.391759e-02 -2.623500e+00 -7.977555e-03 -2.391177e-02 9.996823e-01 3.350268e+02
9.999717e-01 2.127501e-03 7.218143e-03 -1.146956e+00 -2.278459e-03 9.997776e-01 2.097049e-02 -2.626547e+00 -7.171924e-03 -2.098634e-02 9.997541e-01 3.365979e+02
9.999747e-01 3.448809e-03 6.218463e-03 -1.154690e+00 -3.580693e-03 9.997663e-01 2.132394e-02 -2.620297e+00 -6.143468e-03 -2.134567e-02 9.997534e-01 3.382136e+02
9.999781e-01 4.113345e-03 5.186740e-03 -1.156615e+00 -4.236407e-03 9.997044e-01 2.394326e-02 -2.619327e+00 -5.086721e-03 -2.396471e-02 9.996999e-01 3.398334e+02
9.999757e-01 5.466257e-03 4.335894e-03 -1.164413e+00 -5.580362e-03 9.996265e-01 2.675641e-02 -2.607340e+00 -4.188018e-03 -2.677995e-02 9.996327e-01 3.414650e+02
9.999764e-01 6.080382e-03 3.202634e-03 -1.172388e+00 -6.163524e-03 9.996266e-01 2.662473e-02 -2.612248e+00 -3.039551e-03 -2.664384e-02 9.996404e-01 3.430662e+02
9.999855e-01 5.089360e-03 1.751936e-03 -1.180041e+00 -5.133097e-03 9.996504e-01 2.593875e-02 -2.600332e+00 -1.619313e-03 -2.594737e-02 9.996621e-01 3.446691e+02
9.999929e-01 3.778531e-03 -3.655367e-05 -1.182424e+00 -3.776184e-03 9.996320e-01 2.686450e-02 -2.567510e+00 1.380470e-04 -2.686417e-02 9.996392e-01 3.462466e+02
9.999963e-01 2.276959e-03 -1.467066e-03 -1.189328e+00 -2.234903e-03 9.996039e-01 2.805642e-02 -2.568160e+00 1.530367e-03 -2.805304e-02 9.996053e-01 3.478348e+02
9.999961e-01 1.743033e-03 -2.174047e-03 -1.202833e+00 -1.683054e-03 9.996262e-01 2.729142e-02 -2.557438e+00 2.220803e-03 -2.728766e-02 9.996252e-01 3.494304e+02
9.999958e-01 1.380277e-03 -2.541500e-03 -1.219936e+00 -1.313058e-03 9.996543e-01 2.626227e-02 -2.548707e+00 2.576869e-03 -2.625883e-02 9.996519e-01 3.510199e+02
9.999971e-01 9.628729e-04 -2.192234e-03 -1.234124e+00 -9.056099e-04 9.996623e-01 2.597294e-02 -2.531871e+00 2.216501e-03 -2.597088e-02 9.996603e-01 3.526214e+02
9.999985e-01 1.031132e-04 -1.731915e-03 -1.243822e+00 -5.729871e-05 9.996507e-01 2.643143e-02 -2.539785e+00 1.734034e-03 -2.643129e-02 9.996492e-01 3.542228e+02
9.999980e-01 -6.021806e-04 -1.890379e-03 -1.254625e+00 6.513468e-04 9.996588e-01 2.611587e-02 -2.537882e+00 1.874005e-03 -2.611705e-02 9.996572e-01 3.558099e+02
