1.000000e+00 8.137513e-10 -7.656116e-10 -2.139042e-10 8.137513e-10 1.000000e+00 6.754230e-11 4.506439e-09 -7.656116e-10 6.754230e-11 1.000000e+00 2.697696e-08
1.000000e+00 -1.328505e-05 5.866190e-06 -4.924232e-04 1.328656e-05 1.000000e+00 1.872612e-05 -2.748520e-04 -5.867970e-06 -1.872591e-05 1.000000e+00 1.341641e-03
9.999998e-01 -5.178882e-04 -3.905901e-04 7.858061e-04 5.183618e-04 9.999992e-01 1.209323e-03 -2.389485e-02 3.899620e-04 -1.209526e-03 9.999993e-01 1.302352e+00
9.999988e-01 -1.504475e-03 -3.140630e-04 -5.455621e-03 1.504979e-03 9.999976e-01 1.604558e-03 -4.384691e-02 3.116467e-04 -1.605029e-03 9.999987e-01 2.611434e+00
9.999958e-01 -2.781535e-03 -8.321818e-04 -9.777751e-03 2.782370e-03 9.999957e-01 1.001017e-03 -7.732678e-02 8.293923e-04 -1.003328e-03 9.999992e-01 3.926380e+00
9.999950e-01 -3.135401e-03 -3.293933e-04 -1.523710e-02 3.135730e-03 9.999946e-01 9.984041e-04 -9.451207e-02 3.262596e-04 -9.994319e-04 9.999995e-01 5.249871e+00
9.999942e-01 -3.377612e-03 -3.242449e-04 -2.931082e-02 3.378140e-03 9.999930e-01 1.636628e-03 -1.117615e-01 3.187132e-04 -1.637713e-03 9.999987e-01 6.584069e+00
9.999907e-01 -4.316423e-03 4.927692e-07 -4.205578e-02 4.316398e-03 9.999850e-01 3.380107e-03 -1.388376e-01 -1.508426e-05 -3.380073e-03 9.999944e-01 7.920048e+00
9.999887e-01 -4.752799e-03 1.863746e-04 -4.406328e-02 4.752068e-03 9.999817e-01 3.753166e-03 -1.672566e-01 -2.042107e-04 -3.752238e-03 9.999930e-01 9.235288e+00
9.999923e-01 -3.924535e-03 -1.189921e-04 -6.175250e-02 3.924817e-03 9.999893e-01 2.456021e-03 -1.959382e-01 1.093506e-04 -2.456469e-03 9.999971e-01 1.055839e+01
9.999988e-01 -1.546782e-03 -2.576117e-04 -7.670545e-02 1.546886e-03 9.999988e-01 3.973291e-04 -2.129587e-01 2.569953e-04 -3.977270e-04 1.000000e+00 1.189461e+01
9.999988e-01 1.276660e-03 -9.023269e-04 -9.789897e-02 -1.276634e-03 9.999992e-01 2.783291e-05 -2.380741e-01 9.023601e-04 -2.668080e-05 9.999997e-01 1.323236e+01
9.999883e-01 4.753335e-03 -8.677761e-04 -1.059272e-01 -4.753260e-03 9.999888e-01 8.606024e-05 -2.676958e-01 8.681738e-04 -8.193434e-05 9.999997e-01 1.459387e+01
9.999829e-01 5.846072e-03 -3.095886e-04 -1.249031e-01 -5.845865e-03 9.999828e-01 6.584630e-04 -2.918811e-01 3.134311e-04 -6.566418e-04 9.999998e-01 1.592468e+01
9.999910e-01 4.248757e-03 3.954317e-05 -1.229139e-01 -4.248844e-03 9.999876e-01 2.603098e-03 -3.104719e-01 -2.848428e-05 -2.603242e-03 9.999967e-01 1.726582e+01
9.999998e-01 5.374828e-04 4.501690e-04 -1.196113e-01 -5.400390e-04 9.999837e-01 5.701302e-03 -3.382909e-01 -4.470988e-04 -5.701543e-03 9.999837e-01 1.861523e+01
9.999961e-01 -2.752453e-03 4.049766e-04 -1.278615e-01 2.750378e-03 9.999836e-01 5.040377e-03 -3.863860e-01 -4.188448e-04 -5.039243e-03 9.999873e-01 1.996292e+01
9.999924e-01 -3.890219e-03 1.830929e-04 -1.390180e-01 3.890017e-03 9.999919e-01 1.101887e-03 -3.929292e-01 -1.873795e-04 -1.101167e-03 9.999995e-01 2.130878e+01
9.999994e-01 -1.069853e-03 -1.884014e-04 -1.473500e-01 1.069739e-03 9.999993e-01 -6.143842e-04 -4.033844e-01 1.890570e-04 6.141825e-04 9.999999e-01 2.268780e+01
9.999995e-01 9.079368e-04 4.514144e-04 -1.658370e-01 -9.079943e-04 9.999996e-01 1.306667e-04 -4.089562e-01 -4.512971e-04 -1.310763e-04 1.000000e+00 2.405684e+01
9.999977e-01 1.125878e-03 1.841473e-03 -1.666413e-01 -1.133765e-03 9.999902e-01 4.288490e-03 -4.328754e-01 -1.836628e-03 -4.290567e-03 9.999892e-01 2.543136e+01
9.999985e-01 -1.031919e-03 1.409521e-03 -1.757157e-01 1.023209e-03 9.999805e-01 6.167392e-03 -4.753853e-01 -1.415860e-03 -6.165940e-03 9.999801e-01 2.679834e+01
9.999862e-01 -3.936286e-03 3.466859e-03 -1.662060e-01 3.914449e-03 9.999727e-01 6.283586e-03 -5.052614e-01 -3.491499e-03 -6.269929e-03 9.999743e-01 2.816684e+01
9.999844e-01 -4.795866e-03 2.849133e-03 -1.885485e-01 4.781426e-03 9.999759e-01 5.054438e-03 -5.160243e-01 -2.873306e-03 -5.040736e-03 9.999832e-01 2.952970e+01
9.999907e-01 -4.181422e-03 1.061463e-03 -2.059533e-01 4.178754e-03 9.999882e-01 2.505201e-03 -5.379368e-01 -1.071927e-03 -2.500742e-03 9.999964e-01 3.089993e+01
9.999977e-01 -1.518173e-03 1.487039e-03 -2.042621e-01 1.518417e-03 9.999989e-01 -1.622303e-04 -5.461262e-01 -1.486792e-03 1.644880e-04 9.999990e-01 3.228687e+01
9.999946e-01 1.025194e-03 3.133534e-03 -2.042134e-01 -1.021851e-03 9.999990e-01 -1.067875e-03 -5.911014e-01 -3.134627e-03 1.064667e-03 9.999946e-01 3.367506e+01
9.999917e-01 1.631640e-03 3.728435e-03 -2.114529e-01 -1.629019e-03 9.999985e-01 -7.054737e-04 -6.098091e-01 -3.729582e-03 6.993943e-04 9.999929e-01 3.505205e+01
9.999932e-01 1.565195e-03 3.329463e-03 -2.152621e-01 -1.568443e-03 9.999984e-01 9.735862e-04 -6.355306e-01 -3.327935e-03 -9.788016e-04 9.999941e-01 3.644703e+01
9.999872e-01 3.275877e-03 3.845412e-03 -2.143468e-01 -3.283027e-03 9.999930e-01 1.855035e-03 -6.725215e-01 -3.839309e-03 -1.867635e-03 9.999910e-01 3.784665e+01
9.999853e-01 4.436184e-03 3.114398e-03 -2.302078e-01 -4.445020e-03 9.999862e-01 2.836461e-03 -7.032893e-01 -3.101773e-03 -2.850262e-03 9.999912e-01 3.924346e+01
9.999861e-01 4.793928e-03 2.212243e-03 -2.542072e-01 -4.800260e-03 9.999844e-01 2.866422e-03 -7.208464e-01 -2.198469e-03 -2.877001e-03 9.999935e-01 4.066556e+01
9.999628e-01 8.155660e-03 2.801295e-03 -2.584107e-01 -8.162497e-03 9.999638e-01 2.438719e-03 -7.392083e-01 -2.781306e-03 -2.461494e-03 9.999932e-01 4.207284e+01
9.999386e-01 1.052977e-02 3.451202e-03 -2.646897e-01 -1.054142e-02 9.999388e-01 3.376842e-03 -7.562856e-01 -3.415435e-03 -3.413015e-03 9.999884e-01 4.345938e+01
9.999468e-01 9.800228e-03 3.225360e-03 -2.642102e-01 -9.813020e-03 9.999440e-01 3.974885e-03 -7.913390e-01 -3.186226e-03 -4.006324e-03 9.999870e-01 4.486428e+01
9.999618e-01 8.493809e-03 2.046217e-03 -2.602558e-01 -8.499679e-03 9.999598e-01 2.878375e-03 -8.197408e-01 -2.021688e-03 -2.895657e-03 9.999938e-01 4.625446e+01
9.999687e-01 7.769451e-03 1.470634e-03 -2.629451e-01 -7.774017e-03 9.999650e-01 3.125639e-03 -8.417533e-01 -1.446300e-03 -3.136974e-03 9.999941e-01 4.767281e+01
9.999722e-01 7.456508e-03 -1.705966e-04 -2.700982e-01 -7.455835e-03 9.999656e-01 3.645938e-03 -8.569055e-01 1.977752e-04 -3.644565e-03 9.999934e-01 4.911343e+01
9.999548e-01 9.440369e-03 -1.158173e-03 -2.766207e-01 -9.435965e-03 9.999485e-01 3.749825e-03 -8.927530e-01 1.193512e-03 -3.738727e-03 9.999924e-01 5.054156e+01
9.999581e-01 8.998817e-03 -1.654371e-03 -2.957580e-01 -8.992068e-03 9.999515e-01 4.041724e-03 -9.057375e-01 1.690660e-03 -4.026678e-03 9.999905e-01 5.195130e+01
9.999607e-01 8.417106e-03 -2.785701e-03 -3.172593e-01 -8.400844e-03 9.999480e-01 5.798107e-03 -9.186979e-01 2.834358e-03 -5.774477e-03 9.999794e-01 5.335305e+01
9.999719e-01 6.942621e-03 -2.838248e-03 -3.252919e-01 -6.921489e-03 9.999488e-01 7.388077e-03 -9.389165e-01 2.889393e-03 -7.368224e-03 9.999688e-01 5.477400e+01
9.999775e-01 5.583924e-03 -3.707215e-03 -3.418342e-01 -5.555563e-03 9.999556e-01 7.616466e-03 -9.823625e-01 3.749579e-03 -7.595699e-03 9.999642e-01 5.619836e+01
9.999813e-01 3.916493e-03 -4.688235e-03 -3.516470e-01 -3.885339e-03 9.999705e-01 6.635677e-03 -1.008065e+00 4.714084e-03 -6.617338e-03 9.999671e-01 5.764858e+01
9.999835e-01 3.169848e-03 -4.780988e-03 -3.461051e-01 -3.137851e-03 9.999728e-01 6.684978e-03 -1.019563e+00 4.802047e-03 -6.669866e-03 9.999663e-01 5.907715e+01
9.999878e-01 1.995399e-03 -4.524662e-03 -3.589277e-01 -1.960589e-03 9.999686e-01 7.684487e-03 -1.041432e+00 4.539852e-03 -7.675522e-03 9.999603e-01 6.050618e+01
9.999920e-01 7.741565e-04 -3.919962e-03 -3.764087e-01 -7.403307e-04 9.999626e-01 8.622816e-03 -1.061657e+00 3.926489e-03 -8.619845e-03 9.999552e-01 6.193136e+01
9.999941e-01 -1.092870e-03 -3.248608e-03 -3.901155e-01 1.120569e-03 9.999630e-01 8.536198e-03 -1.089034e+00 3.239157e-03 -8.539788e-03 9.999584e-01 6.335290e+01
9.999938e-01 -2.026040e-03 -2.887546e-03 -3.968163e-01 2.048329e-03 9.999680e-01 7.736406e-03 -1.108745e+00 2.871778e-03 -7.742273e-03 9.999660e-01 6.475782e+01
9.999935e-01 -2.723148e-03 -2.340442e-03 -4.052444e-01 2.741047e-03 9.999668e-01 7.678102e-03 -1.114534e+00 2.319454e-03 -7.684468e-03 9.999679e-01 6.619002e+01
9.999974e-01 -1.374538e-03 -1.803023e-03 -4.293988e-01 1.388165e-03 9.999704e-01 7.577840e-03 -1.141082e+00 1.792551e-03 -7.580323e-03 9.999697e-01 6.759467e+01
9.999988e-01 1.020224e-03 -1.178195e-03 -4.422108e-01 -1.010141e-03 9.999632e-01 8.525740e-03 -1.159127e+00 1.186849e-03 -8.524539e-03 9.999630e-01 6.901984e+01
9.999910e-01 4.215889e-03 -4.495173e-04 -4.568531e-01 -4.211487e-03 9.999472e-01 9.379214e-03 -1.183026e+00 4.890337e-04 -9.377236e-03 9.999560e-01 7.041567e+01
9.999611e-01 8.801776e-03 5.048483e-04 -4.834983e-01 -8.806669e-03 9.999041e-01 1.068945e-02 -1.203946e+00 -4.107153e-04 -1.069348e-02 9.999428e-01 7.183560e+01
9.999208e-01 1.254417e-02 9.653856e-04 -4.978562e-01 -1.255380e-02 9.998638e-01 1.072093e-02 -1.221495e+00 -8.307705e-04 -1.073220e-02 9.999421e-01 7.323620e+01
9.998713e-01 1.597041e-02 1.512792e-03 -5.030747e-01 -1.598501e-02 9.998204e-01 1.019145e-02 -1.238775e+00 -1.349760e-03 -1.021432e-02 9.999470e-01 7.460792e+01
9.998476e-01 1.732382e-02 2.160574e-03 -5.161603e-01 -1.734389e-02 9.998031e-01 9.649055e-03 -1.248197e+00 -1.992992e-03 -9.685057e-03 9.999512e-01 7.600174e+01
9.998281e-01 1.832305e-02 2.825959e-03 -5.341426e-01 -1.835068e-02 9.997808e-01 1.008284e-02 -1.267984e+00 -2.640593e-03 -1.013297e-02 9.999453e-01 7.739680e+01
9.998369e-01 1.781952e-02 2.920865e-03 -5.352877e-01 -1.784853e-02 9.997885e-01 1.022392e-02 -1.299203e+00 -2.738064e-03 -1.027438e-02 9.999435e-01 7.880339e+01
9.998448e-01 1.742608e-02 2.573602e-03 -5.366399e-01 -1.744990e-02 9.998022e-01 9.544457e-03 -1.316578e+00 -2.406772e-03 -9.587885e-03 9.999512e-01 8.020397e+01
9.998759e-01 1.560984e-02 2.140104e-03 -5.362719e-01 -1.562975e-02 9.998316e-01 9.623164e-03 -1.329829e+00 -1.989529e-03 -9.655419e-03 9.999515e-01 8.157599e+01
9.998689e-01 1.606926e-02 1.995488e-03 -5.427023e-01 -1.608860e-02 9.998197e-01 1.009106e-02 -1.346914e+00 -1.832974e-03 -1.012185e-02 9.999472e-01 8.296930e+01
9.998639e-01 1.642362e-02 1.592586e-03 -5.646015e-01 -1.643773e-02 9.998217e-01 9.297405e-03 -1.373503e+00 -1.439607e-03 -9.322317e-03 9.999556e-01 8.435104e+01
9.998759e-01 1.573468e-02 7.237747e-04 -5.731815e-01 -1.574078e-02 9.998321e-01 9.383203e-03 -1.381241e+00 -5.760130e-04 -9.393431e-03 9.999558e-01 8.571852e+01
9.998882e-01 1.494889e-02 -1.908199e-04 -5.839901e-01 -1.494616e-02 9.998361e-01 1.022088e-02 -1.396073e+00 3.435780e-04 -1.021689e-02 9.999478e-01 8.708108e+01
9.999110e-01 1.323807e-02 -1.633516e-03 -5.919498e-01 -1.321832e-02 9.998459e-01 1.155573e-02 -1.414591e+00 1.786238e-03 -1.153311e-02 9.999320e-01 8.844229e+01
9.999292e-01 1.163478e-02 -2.509406e-03 -5.942302e-01 -1.160283e-02 9.998560e-01 1.239154e-02 -1.433924e+00 2.653216e-03 -1.236155e-02 9.999202e-01 8.978437e+01
9.999408e-01 1.035622e-02 -3.335344e-03 -6.028731e-01 -1.031503e-02 9.998732e-01 1.213671e-02 -1.445761e+00 3.460610e-03 -1.210158e-02 9.999209e-01 9.112742e+01
9.999568e-01 8.550046e-03 -3.646869e-03 -6.102626e-01 -8.506242e-03 9.998935e-01 1.186210e-02 -1.465587e+00 3.747901e-03 -1.183057e-02 9.999231e-01 9.250375e+01
9.999612e-01 7.961271e-03 -3.778624e-03 -6.225441e-01 -7.916877e-03 9.999012e-01 1.162139e-02 -1.479842e+00 3.870769e-03 -1.159103e-02 9.999254e-01 9.386491e+01
9.999669e-01 7.053350e-03 -4.055276e-03 -6.442913e-01 -7.007834e-03 9.999136e-01 1.113010e-02 -1.487573e+00 4.133428e-03 -1.110132e-02 9.999299e-01 9.524885e+01
9.999702e-01 6.592627e-03 -4.024948e-03 -6.595659e-01 -6.548182e-03 9.999186e-01 1.095720e-02 -1.505501e+00 4.096855e-03 -1.093052e-02 9.999319e-01 9.665935e+01
9.999659e-01 7.102940e-03 -4.216485e-03 -6.752110e-01 -7.058914e-03 9.999214e-01 1.036549e-02 -1.523240e+00 4.289777e-03 -1.033537e-02 9.999375e-01 9.802009e+01
9.999553e-01 8.679062e-03 -3.752450e-03 -6.912091e-01 -8.639050e-03 9.999071e-01 1.055050e-02 -1.536705e+00 3.843669e-03 -1.051761e-02 9.999374e-01 9.936024e+01
9.999481e-01 9.452184e-03 -3.808576e-03 -7.106722e-01 -9.406738e-03 9.998864e-01 1.177839e-02 -1.552931e+00 3.919473e-03 -1.174195e-02 9.999235e-01 1.006766e+02
9.999430e-01 9.931990e-03 -3.926653e-03 -7.273508e-01 -9.880581e-03 9.998680e-01 1.290155e-02 -1.560564e+00 4.054271e-03 -1.286202e-02 9.999091e-01 1.020003e+02
9.999527e-01 9.014492e-03 -3.653565e-03 -7.435906e-01 -8.969935e-03 9.998874e-01 1.203332e-02 -1.583421e+00 3.761626e-03 -1.199998e-02 9.999210e-01 1.033246e+02
9.999516e-01 9.226896e-03 -3.424790e-03 -7.584405e-01 -9.191713e-03 9.999063e-01 1.014987e-02 -1.599554e+00 3.518120e-03 -1.011790e-02 9.999427e-01 1.046648e+02
9.999542e-01 8.790526e-03 -3.783304e-03 -7.648759e-01 -8.755767e-03 9.999203e-01 9.107424e-03 -1.613563e+00 3.863060e-03 -9.073882e-03 9.999515e-01 1.059870e+02
9.999636e-01 7.712864e-03 -3.658582e-03 -7.778146e-01 -7.676266e-03 9.999215e-01 9.913817e-03 -1.620562e+00 3.734757e-03 -9.885371e-03 9.999442e-01 1.073294e+02
9.999784e-01 5.973308e-03 -2.748966e-03 -7.835069e-01 -5.941657e-03 9.999176e-01 1.138088e-02 -1.638816e+00 2.816720e-03 -1.136430e-02 9.999315e-01 1.086793e+02
9.999923e-01 3.367476e-03 -2.020977e-03 -7.964527e-01 -3.341332e-03 9.999125e-01 1.280234e-02 -1.660509e+00 2.063910e-03 -1.279549e-02 9.999161e-01 1.099922e+02
9.999990e-01 -5.240403e-04 -1.310212e-03 -8.035446e-01 5.410689e-04 9.999150e-01 1.302912e-02 -1.697748e+00 1.303272e-03 -1.302982e-02 9.999143e-01 1.113188e+02
9.999997e-01 2.768740e-04 -7.425733e-04 -8.138971e-01 -2.684610e-04 9.999361e-01 1.130366e-02 -1.711280e+00 7.456539e-04 -1.130345e-02 9.999359e-01 1.126401e+02
9.999956e-01 2.955579e-03 2.583749e-04 -8.291965e-01 -2.957717e-03 9.999577e-01 8.716965e-03 -1.719659e+00 -2.326018e-04 -8.717691e-03 9.999621e-01 1.139896e+02
9.999816e-01 5.804630e-03 1.747773e-03 -8.433374e-01 -5.818568e-03 9.999505e-01 8.079312e-03 -1.727697e+00 -1.700791e-03 -8.089333e-03 9.999659e-01 1.153164e+02
9.999486e-01 9.429823e-03 3.733773e-03 -8.471145e-01 -9.461175e-03 9.999194e-01 8.470585e-03 -1.729100e+00 -3.653597e-03 -8.505475e-03 9.999572e-01 1.166466e+02
9.999438e-01 9.490341e-03 4.732208e-03 -8.529353e-01 -9.542334e-03 9.998930e-01 1.108869e-02 -1.747009e+00 -4.626467e-03 -1.113323e-02 9.999274e-01 1.179803e+02
9.999531e-01 8.011627e-03 5.435371e-03 -8.570707e-01 -8.081570e-03 9.998833e-01 1.297087e-02 -1.771219e+00 -5.330820e-03 -1.301419e-02 9.999012e-01 1.193196e+02
9.999477e-01 8.040934e-03 6.317552e-03 -8.585646e-01 -8.121812e-03 9.998841e-01 1.288277e-02 -1.784525e+00 -6.213232e-03 -1.293340e-02 9.998971e-01 1.206510e+02
9.999375e-01 8.157776e-03 7.648040e-03 -8.600340e-01 -8.254679e-03 9.998850e-01 1.272568e-02 -1.785276e+00 -7.543349e-03 -1.278802e-02 9.998899e-01 1.219750e+02
9.999030e-01 1.086681e-02 8.712042e-03 -8.622235e-01 -1.097028e-02 9.998689e-01 1.191866e-02 -1.785791e+00 -8.581383e-03 -1.201307e-02 9.998911e-01 1.233499e+02
9.998793e-01 1.185572e-02 1.003997e-02 -8.627646e-01 -1.196743e-02 9.998664e-01 1.114137e-02 -1.797452e+00 -9.906545e-03 -1.126018e-02 9.998876e-01 1.246997e+02
9.998457e-01 1.372960e-02 1.095996e-02 -8.616135e-01 -1.384065e-02 9.998530e-01 1.012134e-02 -1.813425e+00 -1.081939e-02 -1.027147e-02 9.998888e-01 1.260203e+02
9.998478e-01 1.282150e-02 1.183243e-02 -8.567256e-01 -1.294006e-02 9.998663e-01 9.998448e-03 -1.825406e+00 -1.170265e-02 -1.015004e-02 9.998801e-01 1.273475e+02
9.998491e-01 1.167256e-02 1.286654e-02 -8.506693e-01 -1.181477e-02 9.998694e-01 1.103302e-02 -1.839397e+00 -1.273608e-02 -1.118337e-02 9.998564e-01 1.286385e+02
9.998484e-01 1.081386e-02 1.364571e-02 -8.313172e-01 -1.097721e-02 9.998684e-01 1.195291e-02 -1.852540e+00 -1.351465e-02 -1.210089e-02 9.998355e-01 1.299739e+02
9.998514e-01 1.005389e-02 1.400468e-02 -8.209201e-01 -1.023093e-02 9.998680e-01 1.262794e-02 -1.867436e+00 -1.387588e-02 -1.276934e-02 9.998223e-01 1.313088e+02
9.998600e-01 9.108477e-03 1.403483e-02 -8.218483e-01 -9.289510e-03 9.998739e-01 1.288826e-02 -1.887926e+00 -1.391566e-02 -1.301683e-02 9.998185e-01 1.326515e+02
9.998813e-01 6.829444e-03 1.381397e-02 -8.137743e-01 -7.014109e-03 9.998862e-01 1.336411e-02 -1.893466e+00 -1.372113e-02 -1.345941e-02 9.998154e-01 1.340065e+02
9.999017e-01 5.104122e-03 1.305979e-02 -7.989627e-01 -5.276077e-03 9.998995e-01 1.316652e-02 -1.907110e+00 -1.299127e-02 -1.323413e-02 9.998281e-01 1.353501e+02
9.999091e-01 6.611131e-03 1.175035e-02 -7.858800e-01 -6.767711e-03 9.998882e-01 1.333624e-02 -1.920326e+00 -1.166087e-02 -1.341455e-02 9.998421e-01 1.367030e+02
9.999285e-01 5.241525e-03 1.075159e-02 -7.743294e-01 -5.391136e-03 9.998884e-01 1.393395e-02 -1.927749e+00 -1.067736e-02 -1.399091e-02 9.998452e-01 1.380307e+02
9.999472e-01 3.393783e-03 9.695954e-03 -7.746997e-01 -3.537064e-03 9.998843e-01 1.479885e-02 -1.935386e+00 -9.644609e-03 -1.483237e-02 9.998436e-01 1.393574e+02
9.999623e-01 1.263679e-03 8.595434e-03 -7.617220e-01 -1.388946e-03 9.998928e-01 1.458350e-02 -1.957102e+00 -8.576084e-03 -1.459489e-02 9.998568e-01 1.406778e+02
9.999709e-01 1.600221e-03 7.457575e-03 -7.580631e-01 -1.706653e-03 9.998965e-01 1.428744e-02 -1.964059e+00 -7.433942e-03 -1.429975e-02 9.998702e-01 1.420138e+02
9.999808e-01 6.487745e-04 6.163540e-03 -7.616149e-01 -7.310448e-04 9.999106e-01 1.335530e-02 -1.966048e+00 -6.154325e-03 -1.335955e-02 9.998919e-01 1.433715e+02
9.999849e-01 -1.467555e-03 5.302116e-03 -7.565181e-01 1.408620e-03 9.999374e-01 1.110239e-02 -1.975614e+00 -5.318079e-03 -1.109476e-02 9.999244e-01 1.447044e+02
9.999736e-01 -6.088232e-03 3.962077e-03 -7.600911e-01 6.047216e-03 9.999289e-01 1.028354e-02 -1.990410e+00 -4.024405e-03 -1.025930e-02 9.999394e-01 1.460793e+02
9.999201e-01 -1.228832e-02 2.973242e-03 -7.523902e-01 1.225117e-02 9.998505e-01 1.220672e-02 -1.996443e+00 -3.122799e-03 -1.216931e-02 9.999212e-01 1.474324e+02
9.998385e-01 -1.792239e-02 1.301244e-03 -7.366093e-01 1.790169e-02 9.997350e-01 1.447907e-02 -2.021347e+00 -1.560400e-03 -1.445344e-02 9.998944e-01 1.487761e+02
9.996698e-01 -2.569337e-02 2.722758e-04 -7.270032e-01 2.568704e-02 9.995721e-01 1.399392e-02 -2.051583e+00 -6.317117e-04 -1.398231e-02 9.999021e-01 1.501180e+02
9.996923e-01 -2.479020e-02 8.592909e-04 -7.335738e-01 2.478011e-02 9.996405e-01 1.024037e-02 -2.052849e+00 -1.112844e-03 -1.021593e-02 9.999473e-01 1.514503e+02
9.997589e-01 -2.189282e-02 1.682447e-03 -7.391105e-01 2.188021e-02 9.997349e-01 7.181013e-03 -2.044336e+00 -1.839215e-03 -7.142469e-03 9.999729e-01 1.527626e+02
9.998471e-01 -1.725733e-02 2.827237e-03 -7.545557e-01 1.723972e-02 9.998326e-01 6.140690e-03 -2.062662e+00 -2.932737e-03 -6.091010e-03 9.999772e-01 1.540958e+02
9.998077e-01 -1.936530e-02 3.099191e-03 -7.472130e-01 1.933784e-02 9.997756e-01 8.658192e-03 -2.087890e+00 -3.266165e-03 -8.596595e-03 9.999578e-01 1.554307e+02
9.997107e-01 -2.378335e-02 3.583547e-03 -7.394779e-01 2.374031e-02 9.996508e-01 1.161040e-02 -2.110484e+00 -3.858431e-03 -1.152196e-02 9.999263e-01 1.567787e+02
9.995618e-01 -2.939938e-02 3.433821e-03 -7.298497e-01 2.934804e-02 9.994691e-01 1.415246e-02 -2.133194e+00 -3.848073e-03 -1.404548e-02 9.998940e-01 1.581424e+02
9.993796e-01 -3.506297e-02 3.320708e-03 -7.298949e-01 3.500603e-02 9.992610e-01 1.588186e-02 -2.134412e+00 -3.875121e-03 -1.575576e-02 9.998684e-01 1.595205e+02
9.994113e-01 -3.404170e-02 4.255816e-03 -7.268123e-01 3.396922e-02 9.992936e-01 1.607998e-02 -2.139141e+00 -4.800201e-03 -1.592594e-02 9.998617e-01 1.608626e+02
9.995690e-01 -2.879230e-02 5.729867e-03 -7.308354e-01 2.870336e-02 9.994749e-01 1.504191e-02 -2.145968e+00 -6.159951e-03 -1.487096e-02 9.998705e-01 1.622138e+02
9.997066e-01 -2.325734e-02 6.760870e-03 -7.433051e-01 2.316680e-02 9.996449e-01 1.317449e-02 -2.156179e+00 -7.064873e-03 -1.301399e-02 9.998904e-01 1.635957e+02
9.997749e-01 -1.991799e-02 7.305371e-03 -7.447519e-01 1.983091e-02 9.997337e-01 1.180416e-02 -2.163344e+00 -7.538542e-03 -1.165663e-02 9.999037e-01 1.649491e+02
9.997948e-01 -1.878004e-02 7.593715e-03 -7.463522e-01 1.868008e-02 9.997407e-01 1.302637e-02 -2.169938e+00 -7.836383e-03 -1.288184e-02 9.998864e-01 1.663318e+02
9.998202e-01 -1.742080e-02 7.486074e-03 -7.394045e-01 1.732894e-02 9.997759e-01 1.216535e-02 -2.185017e+00 -7.696327e-03 -1.203344e-02 9.998981e-01 1.676888e+02
9.998158e-01 -1.789031e-02 6.952912e-03 -7.449501e-01 1.781198e-02 9.997790e-01 1.117021e-02 -2.184349e+00 -7.151215e-03 -1.104431e-02 9.999135e-01 1.690107e+02
9.998627e-01 -1.529623e-02 6.369067e-03 -7.460492e-01 1.523879e-02 9.998437e-01 8.973137e-03 -2.192865e+00 -6.505328e-03 -8.874848e-03 9.999395e-01 1.703674e+02
9.999316e-01 -1.000057e-02 6.065402e-03 -7.473678e-01 9.950473e-03 9.999167e-01 8.233840e-03 -2.198385e+00 -6.147241e-03 -8.172923e-03 9.999478e-01 1.716964e+02
9.999715e-01 -3.764088e-03 6.539320e-03 -7.551789e-01 3.712776e-03 9.999624e-01 7.841378e-03 -2.210892e+00 -6.568591e-03 -7.816876e-03 9.999480e-01 1.730710e+02
9.999723e-01 9.895378e-04 7.380457e-03 -7.642511e-01 -1.063530e-03 9.999492e-01 1.002847e-02 -2.236579e+00 -7.370160e-03 -1.003604e-02 9.999226e-01 1.744357e+02
9.999723e-01 9.648463e-04 7.382122e-03 -7.761159e-01 -1.061193e-03 9.999142e-01 1.305885e-02 -2.261307e+00 -7.368890e-03 -1.306632e-02 9.998876e-01 1.758303e+02
9.999782e-01 -1.229510e-04 6.600137e-03 -7.748324e-01 2.538389e-05 9.998908e-01 1.478088e-02 -2.270148e+00 -6.601235e-03 -1.478039e-02 9.998691e-01 1.772193e+02
9.999798e-01 -4.459086e-03 4.530194e-03 -7.649489e-01 4.393862e-03 9.998881e-01 1.430729e-02 -2.270350e+00 -4.593485e-03 -1.428710e-02 9.998875e-01 1.786207e+02
9.999771e-01 -6.310032e-03 2.455263e-03 -7.608441e-01 6.283237e-03 9.999223e-01 1.077277e-02 -2.293277e+00 -2.523050e-03 -1.075709e-02 9.999390e-01 1.800111e+02
9.999924e-01 -3.756463e-03 1.066791e-03 -7.710298e-01 3.749648e-03 9.999730e-01 6.322075e-03 -2.309211e+00 -1.090512e-03 -6.318026e-03 9.999795e-01 1.813829e+02
9.999998e-01 3.115571e-04 4.473995e-04 -7.863220e-01 -3.131456e-04 9.999937e-01 3.558500e-03 -2.305455e+00 -4.462895e-04 -3.558639e-03 9.999936e-01 1.827435e+02
9.999759e-01 6.934072e-03 3.505789e-04 -8.032226e-01 -6.935918e-03 9.999605e-01 5.576384e-03 -2.332738e+00 -3.118995e-04 -5.578681e-03 9.999845e-01 1.841248e+02
9.999600e-01 8.931173e-03 3.860178e-04 -8.190230e-01 -8.934433e-03 9.999151e-01 9.488193e-03 -2.363442e+00 -3.012458e-04 -9.491263e-03 9.999550e-01 1.855082e+02
9.999761e-01 6.867357e-03 7.909159e-04 -8.281599e-01 -6.876142e-03 9.999080e-01 1.170092e-02 -2.384891e+00 -7.104903e-04 -1.170607e-02 9.999313e-01 1.868797e+02
9.999886e-01 4.714214e-03 7.210535e-04 -8.388949e-01 -4.722632e-03 9.999150e-01 1.215862e-02 -2.386970e+00 -6.636753e-04 -1.216188e-02 9.999259e-01 1.883272e+02
9.999915e-01 4.063532e-03 6.623814e-04 -8.467219e-01 -4.071930e-03 9.999044e-01 1.321542e-02 -2.377823e+00 -6.086184e-04 -1.321800e-02 9.999125e-01 1.897703e+02
9.999958e-01 2.680660e-03 1.085056e-03 -8.452496e-01 -2.695837e-03 9.998951e-01 1.423806e-02 -2.378818e+00 -1.046776e-03 -1.424092e-02 9.998981e-01 1.911556e+02
9.999993e-01 9.029734e-05 1.142877e-03 -8.471320e-01 -1.070700e-04 9.998922e-01 1.468568e-02 -2.389933e+00 -1.141429e-03 -1.468579e-02 9.998916e-01 1.925502e+02
9.999963e-01 -2.259323e-03 1.524158e-03 -8.488136e-01 2.234935e-03 9.998724e-01 1.581868e-02 -2.394236e+00 -1.559705e-03 -1.581521e-02 9.998738e-01 1.939389e+02
9.999831e-01 -5.408482e-03 2.135738e-03 -8.510330e-01 5.371324e-03 9.998405e-01 1.703731e-02 -2.408028e+00 -2.227545e-03 -1.702555e-02 9.998527e-01 1.953518e+02
9.999355e-01 -1.111710e-02 2.344554e-03 -8.492592e-01 1.107430e-02 9.997849e-01 1.754049e-02 -2.417556e+00 -2.539050e-03 -1.751339e-02 9.998435e-01 1.967837e+02
9.999466e-01 -1.000673e-02 2.591752e-03 -8.522153e-01 9.970961e-03 9.998597e-01 1.346364e-02 -2.425771e+00 -2.726117e-03 -1.343708e-02 9.999061e-01 1.982648e+02
9.999885e-01 -3.698785e-03 3.055395e-03 -8.671954e-01 3.672624e-03 9.999570e-01 8.524320e-03 -2.431650e+00 -3.086795e-03 -8.513001e-03 9.999591e-01 1.997120e+02
9.999846e-01 3.608402e-03 4.205829e-03 -8.760315e-01 -3.634771e-03 9.999737e-01 6.279524e-03 -2.419036e+00 -4.183061e-03 -6.294715e-03 9.999715e-01 2.011501e+02
9.999344e-01 1.005869e-02 5.469476e-03 -8.951443e-01 -1.010922e-02 9.999058e-01 9.292244e-03 -2.414637e+00 -5.375494e-03 -9.346927e-03 9.999419e-01 2.025885e+02
9.998452e-01 1.636806e-02 6.448156e-03 -9.061048e-01 -1.645318e-02 9.997752e-01 1.337735e-02 -2.458068e+00 -6.227746e-03 -1.348137e-02 9.998898e-01 2.039961e+02
9.998436e-01 1.657489e-02 6.163299e-03 -9.121858e-01 -1.667092e-02 9.997351e-01 1.587046e-02 -2.480855e+00 -5.898617e-03 -1.597073e-02 9.998551e-01 2.054388e+02
9.998996e-01 1.326872e-02 4.980117e-03 -9.098360e-01 -1.334863e-02 9.997769e-01 1.637208e-02 -2.485941e+00 -4.761770e-03 -1.643691e-02 9.998536e-01 2.068963e+02
9.999492e-01 9.366625e-03 3.730830e-03 -8.998050e-01 -9.421654e-03 9.998429e-01 1.501652e-02 -2.495816e+00 -3.589591e-03 -1.505091e-02 9.998804e-01 2.083198e+02
9.999474e-01 9.876190e-03 2.748794e-03 -8.974743e-01 -9.912730e-03 9.998583e-01 1.361387e-02 -2.488902e+00 -2.613953e-03 -1.364041e-02 9.999036e-01 2.097367e+02
9.999289e-01 1.156824e-02 2.884156e-03 -9.064333e-01 -1.160715e-02 9.998366e-01 1.386100e-02 -2.495802e+00 -2.723339e-03 -1.389349e-02 9.998999e-01 2.112108e+02
9.999108e-01 1.306454e-02 2.784905e-03 -9.149295e-01 -1.310410e-02 9.998062e-01 1.469592e-02 -2.503413e+00 -2.592372e-03 -1.473110e-02 9.998882e-01 2.127066e+02
9.999148e-01 1.274538e-02 2.833809e-03 -9.159096e-01 -1.278527e-02 9.998127e-01 1.453504e-02 -2.522040e+00 -2.648025e-03 -1.457004e-02 9.998904e-01 2.142035e+02
9.999243e-01 1.209549e-02 2.249862e-03 -9.248956e-01 -1.212540e-02 9.998314e-01 1.379341e-02 -2.530002e+00 -2.082646e-03 -1.381964e-02 9.999024e-01 2.156779e+02
9.999328e-01 1.147291e-02 1.649787e-03 -9.345958e-01 -1.149397e-02 9.998445e-01 1.337677e-02 -2.535693e+00 -1.496062e-03 -1.339484e-02 9.999092e-01 2.171130e+02
9.999325e-01 1.158376e-02 9.414521e-04 -9.478693e-01 -1.159546e-02 9.998409e-01 1.355655e-02 -2.535276e+00 -7.842681e-04 -1.356655e-02 9.999077e-01 2.185342e+02
9.999254e-01 1.219057e-02 7.658204e-04 -9.548775e-01 -1.219944e-02 9.998423e-01 1.290661e-02 -2.555460e+00 -6.083623e-04 -1.291499e-02 9.999165e-01 2.200307e+02
9.999329e-01 1.156543e-02 5.789830e-04 -9.633328e-01 -1.157188e-02 9.998514e-01 1.278207e-02 -2.563600e+00 -4.310684e-04 -1.278792e-02 9.999182e-01 2.215186e+02
9.999130e-01 1.319375e-02 1.867768e-05 -9.760317e-01 -1.319292e-02 9.998323e-01 1.270254e-02 -2.573683e+00 1.489180e-04 -1.270168e-02 9.999194e-01 2.230161e+02
9.999271e-01 1.207150e-02 1.631121e-04 -9.754806e-01 -1.207260e-02 9.998446e-01 1.284914e-02 -2.585447e+00 -7.979801e-06 -1.285017e-02 9.999175e-01 2.245241e+02
9.999157e-01 1.297968e-02 -2.638374e-04 -9.815832e-01 -1.297516e-02 9.998317e-01 1.297094e-02 -2.587798e+00 4.321501e-04 -1.296643e-02 9.999159e-01 2.259886e+02
9.999077e-01 1.358304e-02 -3.110978e-04 -9.902881e-01 -1.357772e-02 9.998199e-01 1.326233e-02 -2.601617e+00 4.911830e-04 -1.325688e-02 9.999121e-01 2.274449e+02
9.998876e-01 1.498581e-02 -3.934025e-04 -1.004202e+00 -1.497925e-02 9.997993e-01 1.331045e-02 -2.611860e+00 5.927898e-04 -1.330306e-02 9.999114e-01 2.288949e+02
9.999010e-01 1.406959e-02 8.381288e-05 -1.001756e+00 -1.406941e-02 9.998068e-01 1.372849e-02 -2.631542e+00 1.093559e-04 -1.372831e-02 9.999058e-01 2.303714e+02
9.999148e-01 1.305044e-02 1.713919e-04 -1.008535e+00 -1.305155e-02 9.998095e-01 1.451589e-02 -2.642331e+00 1.807788e-05 -1.451689e-02 9.998947e-01 2.318760e+02
9.999356e-01 1.134902e-02 -4.432534e-05 -1.021336e+00 -1.134708e-02 9.998233e-01 1.499192e-02 -2.645970e+00 2.144595e-04 -1.499045e-02 9.998877e-01 2.334301e+02
9.999490e-01 1.008934e-02 -3.407713e-04 -1.037231e+00 -1.008331e-02 9.998433e-01 1.455606e-02 -2.656192e+00 4.875774e-04 -1.455189e-02 9.998941e-01 2.349276e+02
9.999354e-01 1.136862e-02 1.887223e-04 -1.045724e+00 -1.137015e-02 9.998352e-01 1.415531e-02 -2.663390e+00 -2.776643e-05 -1.415654e-02 9.998999e-01 2.364200e+02
9.999280e-01 1.199221e-02 4.834208e-04 -1.056306e+00 -1.199802e-02 9.998197e-01 1.472377e-02 -2.663357e+00 -3.067647e-04 -1.472851e-02 9.998916e-01 2.379127e+02
9.999228e-01 1.237924e-02 1.039764e-03 -1.071999e+00 -1.239491e-02 9.997831e-01 1.674024e-02 -2.667400e+00 -8.323081e-04 -1.675184e-02 9.998594e-01 2.394158e+02
9.999338e-01 1.141771e-02 1.416276e-03 -1.082459e+00 -1.144092e-02 9.997791e-01 1.763433e-02 -2.680345e+00 -1.214621e-03 -1.764937e-02 9.998436e-01 2.409431e+02
9.999234e-01 1.225430e-02 1.745775e-03 -1.089847e+00 -1.228075e-02 9.997958e-01 1.605060e-02 -2.684965e+00 -1.548731e-03 -1.607081e-02 9.998697e-01 2.424471e+02
9.999377e-01 1.083753e-02 2.681376e-03 -1.100442e+00 -1.087779e-02 9.998210e-01 1.548729e-02 -2.682407e+00 -2.513053e-03 -1.551549e-02 9.998766e-01 2.439718e+02
9.999275e-01 1.169321e-02 2.882657e-03 -1.110895e+00 -1.173743e-02 9.998058e-01 1.583352e-02 -2.683845e+00 -2.696954e-03 -1.586621e-02 9.998706e-01 2.455411e+02
9.999284e-01 1.163033e-02 2.820030e-03 -1.116930e+00 -1.167547e-02 9.997948e-01 1.655857e-02 -2.689452e+00 -2.626871e-03 -1.659031e-02 9.998590e-01 2.470747e+02
9.999210e-01 1.232158e-02 2.471244e-03 -1.119637e+00 -1.236238e-02 9.997750e-01 1.723845e-02 -2.698246e+00 -2.258284e-03 -1.726764e-02 9.998484e-01 2.485975e+02
9.999097e-01 1.325486e-02 2.233861e-03 -1.124725e+00 -1.329268e-02 9.997521e-01 1.786579e-02 -2.706224e+00 -1.996500e-03 -1.789387e-02 9.998380e-01 2.501139e+02
9.999094e-01 1.323145e-02 2.480722e-03 -1.125389e+00 -1.327577e-02 9.997353e-01 1.879331e-02 -2.697826e+00 -2.231404e-03 -1.882454e-02 9.998204e-01 2.515971e+02
9.998886e-01 1.473409e-02 2.401135e-03 -1.129995e+00 -1.477617e-02 9.997184e-01 1.856946e-02 -2.707308e+00 -2.126856e-03 -1.860287e-02 9.998248e-01 2.531179e+02
9.998761e-01 1.552339e-02 2.615227e-03 -1.135149e+00 -1.556963e-02 9.997039e-01 1.870270e-02 -2.705294e+00 -2.324125e-03 -1.874110e-02 9.998217e-01 2.546578e+02
9.998949e-01 1.430545e-02 2.368009e-03 -1.152168e+00 -1.434734e-02 9.997216e-01 1.873739e-02 -2.717773e+00 -2.099305e-03 -1.876939e-02 9.998217e-01 2.562114e+02
9.999160e-01 1.277965e-02 2.161970e-03 -1.156664e+00 -1.281987e-02 9.997230e-01 1.974160e-02 -2.714986e+00 -1.909082e-03 -1.976766e-02 9.998029e-01 2.577675e+02
9.999455e-01 1.020958e-02 2.182791e-03 -1.152366e+00 -1.025271e-02 9.997321e-01 2.075587e-02 -2.722494e+00 -1.970299e-03 -2.077712e-02 9.997823e-01 2.593308e+02
9.999644e-01 8.253067e-03 1.768745e-03 -1.162197e+00 -8.287366e-03 9.997586e-01 2.035257e-02 -2.729255e+00 -1.600348e-03 -2.036650e-02 9.997914e-01 2.608557e+02
9.999689e-01 7.709609e-03 1.688285e-03 -1.170138e+00 -7.741244e-03 9.997778e-01 1.961105e-02 -2.733997e+00 -1.536718e-03 -1.962351e-02 9.998063e-01 2.623897e+02
9.999852e-01 5.119655e-03 1.833230e-03 -1.170495e+00 -5.156151e-03 9.997768e-01 2.049113e-02 -2.721588e+00 -1.727915e-03 -2.050028e-02 9.997884e-01 2.639111e+02
9.999932e-01 2.976475e-03 2.195159e-03 -1.175129e+00 -3.024959e-03 9.997440e-01 2.242493e-02 -2.712789e+00 -2.127852e-03 -2.243142e-02 9.997462e-01 2.654627e+02
9.999945e-01 2.292055e-03 2.381082e-03 -1.174821e+00 -2.344502e-03 9.997495e-01 2.226299e-02 -2.727798e+00 -2.329459e-03 -2.226845e-02 9.997494e-01 2.670027e+02
9.999961e-01 -9.561749e-04 2.638197e-03 -1.177954e+00 8.976097e-04 9.997552e-01 2.211215e-02 -2.717729e+00 -2.658695e-03 -2.210969e-02 9.997521e-01 2.685310e+02
9.999924e-01 1.547516e-03 3.564050e-03 -1.183906e+00 -1.624021e-03 9.997662e-01 2.156430e-02 -2.705338e+00 -3.529847e-03 -2.156993e-02 9.997612e-01 2.700583e+02
9.999852e-01 3.197969e-03 4.397729e-03 -1.197060e+00 -3.293168e-03 9.997567e-01 2.181357e-02 -2.701296e+00 -4.326901e-03 -2.182773e-02 9.997525e-01 2.715963e+02
9.999732e-01 4.646385e-03 5.658404e-03 -1.187662e+00 -4.765688e-03 9.997628e-01 2.125668e-02 -2.704682e+00 -5.558296e-03 -2.128307e-02 9.997581e-01 2.731362e+02
9.999622e-01 5.847262e-03 6.426744e-03 -1.193187e+00 -5.982267e-03 9.997576e-01 2.119240e-02 -2.701159e+00 -6.301269e-03 -2.123004e-02 9.997548e-01 2.746962e+02
9.999596e-01 5.456114e-03 7.141426e-03 -1.199357e+00 -5.606702e-03 9.997588e-01 2.123951e-02 -2.704637e+00 -7.023819e-03 -2.127870e-02 9.997490e-01 2.762355e+02
9.999531e-01 5.737612e-03 7.807646e-03 -1.199282e+00 -5.899784e-03 9.997640e-01 2.090914e-02 -2.708070e+00 -7.685836e-03 -2.095422e-02 9.997510e-01 2.778026e+02
9.999487e-01 5.402448e-03 8.564455e-03 -1.199387e+00 -5.575963e-03 9.997771e-01 2.036740e-02 -2.704796e+00 -8.452513e-03 -2.041412e-02 9.997560e-01 2.793532e+02
9.999420e-01 5.193847e-03 9.432284e-03 -1.197514e+00 -5.384886e-03 9.997786e-01 2.034279e-02 -2.704386e+00 -9.324539e-03 -2.039240e-02 9.997487e-01 2.808871e+02
9.999371e-01 4.485811e-03 1.028153e-02 -1.189918e+00 -4.709689e-03 9.997501e-01 2.185516e-02 -2.697418e+00 -1.018093e-02 -2.190221e-02 9.997084e-01 2.824058e+02
9.999416e-01 2.762015e-03 1.044971e-02 -1.187157e+00 -2.998371e-03 9.997385e-01 2.267095e-02 -2.705401e+00 -1.038436e-02 -2.270096e-02 9.996884e-01 2.839314e+02
9.999412e-01 1.631291e-03 1.071744e-02 -1.175922e+00 -1.857103e-03 9.997758e-01 2.109365e-02 -2.710035e+00 -1.068063e-02 -2.111231e-02 9.997201e-01 2.854725e+02
9.999433e-01 1.337216e-03 1.056201e-02 -1.162137e+00 -1.530601e-03 9.998310e-01 1.832286e-02 -2.713583e+00 -1.053572e-02 -1.833799e-02 9.997764e-01 2.870176e+02
9.999466e-01 2.294827e-03 1.007755e-02 -1.144955e+00 -2.463908e-03 9.998559e-01 1.679794e-02 -2.699538e+00 -1.003755e-02 -1.682187e-02 9.998082e-01 2.885829e+02
9.999554e-01 2.309374e-03 9.160064e-03 -1.139737e+00 -2.474130e-03 9.998347e-01 1.801615e-02 -2.706152e+00 -9.116945e-03 -1.803801e-02 9.997958e-01 2.901232e+02
9.999693e-01 2.896360e-03 7.275118e-03 -1.143878e+00 -3.024055e-03 9.998405e-01 1.760320e-02 -2.719421e+00 -7.222974e-03 -1.762466e-02 9.998187e-01 2.916782e+02
9.999651e-01 2.168350e-03 8.070477e-03 -1.125755e+00 -2.319124e-03 9.998221e-01 1.872014e-02 -2.722383e+00 -8.028450e-03 -1.873820e-02 9.997923e-01 2.932351e+02
9.999635e-01 9.578010e-04 8.495286e-03 -1.115827e+00 -1.118717e-03 9.998197e-01 1.895749e-02 -2.715346e+00 -8.475598e-03 -1.896630e-02 9.997843e-01 2.948047e+02
9.999733e-01 6.584198e-04 7.284065e-03 -1.120801e+00 -7.975431e-04 9.998171e-01 1.911352e-02 -2.718774e+00 -7.270149e-03 -1.911881e-02 9.997909e-01 2.963638e+02
9.999814e-01 2.586835e-03 5.518721e-03 -1.141010e+00 -2.695312e-03 9.998016e-01 1.974047e-02 -2.730577e+00 -5.466562e-03 -1.975497e-02 9.997900e-01 2.979475e+02
9.999853e-01 3.219004e-03 4.363868e-03 -1.144984e+00 -3.310526e-03 9.997713e-01 2.113082e-02 -2.733057e+00 -4.294851e-03 -2.114496e-02 9.997673e-01 2.995156e+02
9.999832e-01 2.999427e-03 4.950767e-03 -1.131710e+00 -3.104628e-03 9.997666e-01 2.138071e-02 -2.737253e+00 -4.885483e-03 -2.139572e-02 9.997592e-01 3.010978e+02
9.999734e-01 3.791645e-03 6.229794e-03 -1.132945e+00 -3.922916e-03 9.997677e-01 2.119652e-02 -2.732865e+00 -6.147978e-03 -2.122040e-02 9.997560e-01 3.026748e+02
9.999723e-01 2.125412e-03 7.130185e-03 -1.138239e+00 -2.275018e-03 9.997761e-01 2.104022e-02 -2.716999e+00 -7.083870e-03 -2.105586e-02 9.997533e-01 3.042671e+02
9.999698e-01 1.357511e-03 7.645557e-03 -1.134291e+00 -1.512444e-03 9.997929e-01 2.029553e-02 -2.717108e+00 -7.616423e-03 -2.030648e-02 9.997649e-01 3.058725e+02
9.999691e-01 -8.488901e-05 7.866206e-03 -1.130059e+00 -6.234295e-05 9.998249e-01 1.871510e-02 -2.717995e+00 -7.866418e-03 -1.871501e-02 9.997940e-01 3.074754e+02
9.999664e-01 -5.952117e-04 8.170928e-03 -1.113840e+00 4.497613e-04 9.998417e-01 1.779148e-02 -2.717768e+00 -8.180225e-03 -1.778721e-02 9.998084e-01 3.091055e+02
9.999845e-01 1.574848e-04 5.564039e-03 -1.115341e+00 -2.520383e-04 9.998556e-01 1.699737e-02 -2.722814e+00 -5.560559e-03 -1.699851e-02 9.998401e-01 3.107266e+02
9.999937e-01 1.081024e-03 3.371206e-03 -1.112026e+00 -1.140208e-03 9.998444e-01 1.760413e-02 -2.722003e+00 -3.351653e-03 -1.760786e-02 9.998394e-01 3.123204e+02
9.999931e-01 1.765371e-03 3.279132e-03 -1.101842e+00 -1.831733e-03 9.997914e-01 2.034655e-02 -2.708334e+00 -3.242530e-03 -2.035242e-02 9.997877e-01 3.139191e+02
9.999919e-01 1.171102e-03 3.846379e-03 -1.106965e+00 -1.264560e-03 9.997019e-01 2.438614e-02 -2.715709e+00 -3.816675e-03 -2.439081e-02 9.996953e-01 3.155499e+02
9.999895e-01 3.256896e-04 4.580022e-03 -1.111368e+00 -4.433357e-04 9.996694e-01 2.570963e-02 -2.710728e+00 -4.570136e-03 -2.571139e-02 9.996590e-01 3.171787e+02
9.999887e-01 -1.448240e-03 4.519708e-03 -1.127105e+00 1.338332e-03 9.997057e-01 2.422691e-02 -2.710741e+00 -4.553465e-03 -2.422059e-02 9.996963e-01 3.188251e+02
9.999862e-01 -2.096500e-03 4.808862e-03 -1.126101e+00 1.984231e-03 9.997282e-01 2.323371e-02 -2.692225e+00 -4.856266e-03 -2.322385e-02 9.997186e-01 3.204601e+02
9.999867e-01 -1.859815e-03 4.806657e-03 -1.132780e+00 1.748340e-03 9.997318e-01 2.309324e-02 -2.679292e+00 -4.848319e-03 -2.308453e-02 9.997218e-01 3.221066e+02
9.999856e-01 -1.931120e-03 5.006259e-03 -1.134036e+00 1.812288e-03 9.997191e-01 2.363385e-02 -2.681935e+00 -5.050494e-03 -2.362444e-02 9.997082e-01 3.237273e+02
9.999822e-01 -8.852030e-04 5.891813e-03 -1.118152e+00 7.414930e-04 9.997033e-01 2.434939e-02 -2.685260e+00 -5.911620e-03 -2.434458e-02 9.996862e-01 3.253236e+02
9.999806e-01 3.387931e-05 6.227644e-03 -1.123451e+00 -1.808104e-04 9.997217e-01 2.359459e-02 -2.685768e+00 -6.225112e-03 -2.359525e-02 9.997023e-01 3.269512e+02
9.999724e-01 -4.913712e-04 7.410652e-03 -1.126984e+00 3.124890e-04 9.997091e-01 2.412061e-02 -2.673034e+00 -7.420349e-03 -2.411763e-02 9.996817e-01 3.285917e+02
9.999680e-01 -2.055924e-03 7.728415e-03 -1.126634e+00 1.857312e-03 9.996701e-01 2.561900e-02 -2.671207e+00 -7.778537e-03 -2.560382e-02 9.996420e-01 3.302169e+02
9.999693e-01 -2.529433e-03 7.409300e-03 -1.126004e+00 2.341228e-03 9.996772e-01 2.530088e-02 -2.669402e+00 -7.470907e-03 -2.528276e-02 9.996525e-01 3.318356e+02
9.999701e-01 -1.543055e-03 7.572732e-03 -1.112836e+00 1.350506e-03 9.996774e-01 2.536641e-02 -2.663379e+00 -7.609431e-03 -2.535542e-02 9.996496e-01 3.334594e+02
9.999773e-01 -2.603866e-04 6.735687e-03 -1.105642e+00 9.995423e-05 9.997166e-01 2.380788e-02 -2.648910e+00 -6.739979e-03 -2.380667e-02 9.996939e-01 3.350337e+02
9.999756e-01 2.725422e-03 6.427869e-03 -1.107575e+00 -2.861550e-03 9.997698e-01 2.126480e-02 -2.655256e+00 -6.368435e-03 -2.128268e-02 9.997533e-01 3.366356e+02
9.999762e-01 3.308735e-03 6.046252e-03 -1.120821e+00 -3.437489e-03 9.997649e-01 2.141036e-02 -2.635161e+00 -5.973991e-03 -2.143064e-02 9.997526e-01 3.382464e+02
9.999781e-01 4.035497e-03 5.237699e-03 -1.124890e+00 -4.158807e-03 9.997093e-01 2.374969e-02 -2.633797e+00 -5.140336e-03 -2.377096e-02 9.997043e-01 3.398548e+02
9.999755e-01 5.355332e-03 4.506330e-03 -1.120596e+00 -5.473238e-03 9.996320e-01 2.657245e-02 -2.620423e+00 -4.362369e-03 -2.659646e-02 9.996368e-01 3.414852e+02
9.999761e-01 6.026040e-03 3.378053e-03 -1.127241e+00 -6.113353e-03 9.996312e-01 2.646275e-02 -2.621676e+00 -3.217343e-03 -2.648277e-02 9.996442e-01 3.430919e+02
9.999861e-01 5.000508e-03 1.681539e-03 -1.139920e+00 -5.041849e-03 9.996608e-01 2.555350e-02 -2.630248e+00 -1.553190e-03 -2.556162e-02 9.996721e-01 3.447018e+02
9.999921e-01 3.953129e-03 -4.873010e-04 -1.155476e+00 -3.939217e-03 9.996584e-01 2.583892e-02 -2.605004e+00 5.892775e-04 -2.583679e-02 9.996661e-01 3.463029e+02
9.999944e-01 2.587528e-03 -2.128737e-03 -1.170683e+00 -2.527972e-03 9.996182e-01 2.751856e-02 -2.597410e+00 2.199128e-03 -2.751303e-02 9.996191e-01 3.478902e+02
9.999954e-01 1.879818e-03 -2.368473e-03 -1.165845e+00 -1.815163e-03 9.996336e-01 2.701004e-02 -2.606241e+00 2.418378e-03 -2.700562e-02 9.996324e-01 3.494761e+02
9.999948e-01 1.396269e-03 -2.889588e-03 -1.175187e+00 -1.319321e-03 9.996490e-01 2.646138e-02 -2.601063e+00 2.925519e-03 -2.645743e-02 9.996457e-01 3.510782e+02
9.999959e-01 9.324651e-04 -2.693863e-03 -1.194817e+00 -8.620509e-04 9.996611e-01 2.602212e-02 -2.586725e+00 2.717213e-03 -2.601969e-02 9.996578e-01 3.526669e+02
9.999979e-01 -6.166543e-04 -1.968806e-03 -1.198719e+00 6.686191e-04 9.996486e-01 2.650264e-02 -2.590139e+00 1.951769e-03 -2.650390e-02 9.996469e-01 3.542607e+02
