1.000000e+00 -1.328505e-05 5.866190e-06 -4.924232e-04 1.328656e-05 1.000000e+00 1.872612e-05 -2.748520e-04 -5.867970e-06 -1.872591e-05 1.000000e+00 1.341641e-03
9.999964e-01 -2.655123e-03 -4.763155e-04 -1.689903e-02 2.655748e-03 9.999957e-01 1.312818e-03 -7.792945e-02 4.728262e-04 -1.314078e-03 9.999991e-01 3.935284e+00
9.999887e-01 -4.748577e-03 -2.328757e-04 -4.895871e-02 4.749522e-03 9.999798e-01 4.233290e-03 -1.679413e-01 2.127674e-04 -4.234348e-03 9.999911e-01 9.226537e+00
9.999997e-01 -4.797448e-04 -6.021931e-04 -7.550249e-02 4.801563e-04 9.999997e-01 6.806309e-04 -2.153944e-01 6.018648e-04 -6.809197e-04 9.999997e-01 1.189256e+01
9.999962e-01 2.634553e-03 -7.594179e-04 -1.010131e-01 -2.634698e-03 9.999966e-01 -1.922390e-04 -2.441962e-01 7.589073e-04 1.942393e-04 9.999998e-01 1.323506e+01
9.999859e-01 5.291993e-03 -5.292036e-04 -1.081042e-01 -5.292132e-03 9.999860e-01 -2.636522e-04 -2.673699e-01 5.277994e-04 2.664492e-04 9.999999e-01 1.457341e+01
9.999809e-01 6.179279e-03 -2.642960e-04 -1.172002e-01 -6.179102e-03 9.999808e-01 6.590477e-04 -2.931394e-01 2.683618e-04 -6.574018e-04 9.999998e-01 1.591484e+01
9.999926e-01 3.833084e-03 -1.061135e-04 -1.256072e-01 -3.832717e-03 9.999875e-01 3.244986e-03 -3.180107e-01 1.185489e-04 -3.244555e-03 9.999948e-01 1.727252e+01
9.999999e-01 -3.863211e-04 3.038769e-04 -1.276002e-01 3.847427e-04 9.999866e-01 5.182482e-03 -3.402568e-01 -3.058765e-04 -5.182365e-03 9.999866e-01 1.861911e+01
9.999974e-01 -2.282943e-03 -1.919795e-04 -1.308214e-01 2.283631e-03 9.999908e-01 3.655682e-03 -3.720031e-01 1.836304e-04 -3.656111e-03 9.999934e-01 1.997627e+01
9.999953e-01 -3.063445e-03 2.232596e-04 -1.313876e-01 3.063165e-03 9.999946e-01 1.247405e-03 -3.890778e-01 -2.270812e-04 -1.246715e-03 9.999993e-01 2.131823e+01
9.999982e-01 1.559155e-03 1.055932e-03 -1.607336e-01 -1.560957e-03 9.999974e-01 1.709414e-03 -4.339135e-01 -1.053265e-03 -1.711059e-03 9.999981e-01 2.405224e+01
9.999965e-01 1.672067e-03 2.056847e-03 -1.655938e-01 -1.684179e-03 9.999812e-01 5.901573e-03 -4.532722e-01 -2.046942e-03 -5.905016e-03 9.999806e-01 2.542160e+01
9.999916e-01 -3.509498e-03 2.095506e-03 -1.678076e-01 3.495969e-03 9.999733e-01 6.426280e-03 -5.045476e-01 -2.118004e-03 -6.418900e-03 9.999772e-01 2.815399e+01
9.999893e-01 -4.227349e-03 1.896636e-03 -1.737972e-01 4.220513e-03 9.999847e-01 3.594773e-03 -5.123167e-01 -1.911805e-03 -3.586730e-03 9.999918e-01 2.952827e+01
9.999880e-01 -4.011024e-03 2.798641e-03 -1.785307e-01 4.005728e-03 9.999902e-01 1.895885e-03 -5.529469e-01 -2.806220e-03 -1.884652e-03 9.999944e-01 3.091461e+01
9.999946e-01 -1.198767e-03 3.059686e-03 -1.988847e-01 1.196834e-03 9.999991e-01 6.340158e-04 -5.602675e-01 -3.060444e-03 -6.303503e-04 9.999952e-01 3.228290e+01
9.999939e-01 3.751621e-04 3.485377e-03 -2.057752e-01 -3.718084e-04 9.999995e-01 -9.623606e-04 -5.983885e-01 -3.485737e-03 9.610589e-04 9.999935e-01 3.367469e+01
9.999944e-01 6.178912e-04 3.289648e-03 -2.125273e-01 -6.205920e-04 9.999995e-01 8.205339e-04 -6.514118e-01 -3.289141e-03 -8.225707e-04 9.999943e-01 3.645798e+01
9.999928e-01 1.887095e-03 3.301761e-03 -2.206445e-01 -1.894750e-03 9.999956e-01 2.317406e-03 -6.734295e-01 -3.297375e-03 -2.323645e-03 9.999919e-01 3.786106e+01
9.999851e-01 4.578962e-03 2.961497e-03 -2.285714e-01 -4.586541e-03 9.999863e-01 2.557932e-03 -6.987134e-01 -2.949745e-03 -2.571477e-03 9.999924e-01 3.925094e+01
9.999713e-01 6.819545e-03 3.293804e-03 -2.321361e-01 -6.828093e-03 9.999734e-01 2.591296e-03 -7.219582e-01 -3.276047e-03 -2.613712e-03 9.999913e-01 4.064692e+01
9.999558e-01 8.708008e-03 3.536612e-03 -2.380832e-01 -8.718242e-03 9.999579e-01 2.889129e-03 -7.431913e-01 -3.511306e-03 -2.919834e-03 9.999897e-01 4.206285e+01
9.999454e-01 9.988181e-03 3.083645e-03 -2.439365e-01 -9.997733e-03 9.999453e-01 3.098563e-03 -7.653764e-01 -3.052529e-03 -3.129223e-03 9.999905e-01 4.345198e+01
9.999576e-01 8.735136e-03 2.901578e-03 -2.498406e-01 -8.744108e-03 9.999570e-01 3.094456e-03 -7.904422e-01 -2.874424e-03 -3.119696e-03 9.999911e-01 4.487834e+01
9.999687e-01 7.809148e-03 1.269659e-03 -2.604463e-01 -7.813247e-03 9.999642e-01 3.257421e-03 -8.409489e-01 -1.244178e-03 -3.267239e-03 9.999940e-01 4.769847e+01
9.999683e-01 7.955770e-03 1.242243e-04 -2.674480e-01 -7.956207e-03 9.999602e-01 4.053608e-03 -8.627513e-01 -9.197132e-05 -4.054468e-03 9.999919e-01 4.909840e+01
9.999615e-01 8.756505e-03 -5.794931e-04 -2.790403e-01 -8.753930e-03 9.999525e-01 4.304067e-03 -8.897528e-01 6.171526e-04 -4.298829e-03 9.999907e-01 5.051103e+01
9.999558e-01 9.263659e-03 -1.625878e-03 -2.914540e-01 -9.256299e-03 9.999472e-01 4.476020e-03 -9.168451e-01 1.667255e-03 -4.460772e-03 9.999887e-01 5.194795e+01
9.999636e-01 7.743305e-03 -3.578726e-03 -3.157824e-01 -7.719340e-03 9.999481e-01 6.662094e-03 -9.569230e-01 3.630125e-03 -6.634226e-03 9.999715e-01 5.481008e+01
9.999722e-01 6.080859e-03 -4.325713e-03 -3.260919e-01 -6.050764e-03 9.999577e-01 6.936171e-03 -9.763769e-01 4.367706e-03 -6.909804e-03 9.999667e-01 5.621558e+01
9.999805e-01 4.175718e-03 -4.645229e-03 -3.359052e-01 -4.145087e-03 9.999698e-01 6.583989e-03 -1.001148e+00 4.672580e-03 -6.564605e-03 9.999676e-01 5.763741e+01
9.999853e-01 2.947986e-03 -4.557124e-03 -3.488174e-01 -2.917175e-03 9.999730e-01 6.752766e-03 -1.022831e+00 4.576907e-03 -6.739372e-03 9.999669e-01 5.907967e+01
9.999887e-01 2.081032e-03 -4.280125e-03 -3.576183e-01 -2.048552e-03 9.999692e-01 7.578760e-03 -1.045075e+00 4.295763e-03 -7.569906e-03 9.999622e-01 6.049293e+01
9.999919e-01 -1.934610e-03 -3.537380e-03 -3.828564e-01 1.963410e-03 9.999649e-01 8.155824e-03 -1.081261e+00 3.521475e-03 -8.162703e-03 9.999606e-01 6.334336e+01
9.999914e-01 -2.856079e-03 -3.011608e-03 -3.991858e-01 2.878205e-03 9.999688e-01 7.367800e-03 -1.102110e+00 2.990469e-03 -7.376404e-03 9.999684e-01 6.475312e+01
9.999976e-01 -1.278783e-03 -1.774610e-03 -4.253745e-01 1.291701e-03 9.999726e-01 7.296475e-03 -1.147146e+00 1.765229e-03 -7.298750e-03 9.999719e-01 6.757169e+01
9.999979e-01 1.770223e-03 -1.019512e-03 -4.500162e-01 -1.761461e-03 9.999621e-01 8.530098e-03 -1.170249e+00 1.034572e-03 -8.528284e-03 9.999632e-01 6.900546e+01
9.999869e-01 5.112866e-03 -3.741755e-04 -4.633256e-01 -5.108946e-03 9.999388e-01 9.816177e-03 -1.186190e+00 4.243398e-04 -9.814136e-03 9.999518e-01 7.040790e+01
9.999105e-01 1.335709e-02 8.120682e-04 -4.926754e-01 -1.336476e-02 9.998575e-01 1.032257e-02 -1.221074e+00 -6.740745e-04 -1.033249e-02 9.999465e-01 7.321943e+01
9.998606e-01 1.659945e-02 1.790435e-03 -5.115761e-01 -1.661628e-02 9.998137e-01 9.831037e-03 -1.239024e+00 -1.626913e-03 -9.859417e-03 9.999502e-01 7.460964e+01
9.998203e-01 1.877408e-02 2.632153e-03 -5.230479e-01 -1.879871e-02 9.997766e-01 9.665500e-03 -1.258704e+00 -2.450105e-03 -9.713244e-03 9.999499e-01 7.601897e+01
9.998255e-01 1.848315e-02 2.717175e-03 -5.263724e-01 -1.850957e-02 9.997783e-01 1.004380e-02 -1.274450e+00 -2.530933e-03 -1.009234e-02 9.999459e-01 7.739539e+01
9.998504e-01 1.709214e-02 2.636418e-03 -5.425147e-01 -1.711624e-02 9.998093e-01 9.407006e-03 -1.313973e+00 -2.475130e-03 -9.450724e-03 9.999524e-01 8.018230e+01
9.998656e-01 1.622941e-02 2.308299e-03 -5.460602e-01 -1.625049e-02 9.998236e-01 9.428326e-03 -1.334399e+00 -2.154877e-03 -9.464570e-03 9.999530e-01 8.157278e+01
9.998815e-01 1.536809e-02 8.661154e-04 -5.663457e-01 -1.537572e-02 9.998355e-01 9.627521e-03 -1.380426e+00 -7.180178e-04 -9.639697e-03 9.999534e-01 8.572243e+01
9.999247e-01 1.221574e-02 -1.198361e-03 -5.808316e-01 -1.220098e-02 9.998579e-01 1.163716e-02 -1.416964e+00 1.340346e-03 -1.162166e-02 9.999316e-01 8.846339e+01
9.999533e-01 9.372907e-03 -2.352150e-03 -5.944863e-01 -9.343139e-03 9.998800e-01 1.236189e-02 -1.431654e+00 2.467733e-03 -1.233933e-02 9.999209e-01 8.981779e+01
9.999700e-01 6.852210e-03 -3.615688e-03 -6.164369e-01 -6.807817e-03 9.999031e-01 1.215021e-02 -1.463572e+00 3.698591e-03 -1.212523e-02 9.999197e-01 9.255406e+01
9.999726e-01 6.039108e-03 -4.275848e-03 -6.429399e-01 -5.990005e-03 9.999171e-01 1.140476e-02 -1.493362e+00 4.344366e-03 -1.137884e-02 9.999259e-01 9.527591e+01
9.999735e-01 5.711991e-03 -4.505031e-03 -6.587825e-01 -5.662259e-03 9.999238e-01 1.097536e-02 -1.508829e+00 4.567377e-03 -1.094956e-02 9.999297e-01 9.663204e+01
9.999610e-01 8.005816e-03 -3.726458e-03 -6.954356e-01 -7.965843e-03 9.999119e-01 1.062028e-02 -1.543087e+00 3.811152e-03 -1.059018e-02 9.999367e-01 9.933650e+01
9.999596e-01 8.121192e-03 -3.850661e-03 -7.046344e-01 -8.074154e-03 9.998945e-01 1.207714e-02 -1.562013e+00 3.948334e-03 -1.204556e-02 9.999197e-01 1.006646e+02
9.999544e-01 8.922967e-03 -3.403539e-03 -7.497778e-01 -8.888367e-03 9.999101e-01 1.004869e-02 -1.603930e+00 3.492896e-03 -1.001798e-02 9.999438e-01 1.046820e+02
9.999754e-01 6.148000e-03 -3.363207e-03 -7.740490e-01 -6.112956e-03 9.999280e-01 1.033236e-02 -1.636141e+00 3.426486e-03 -1.031155e-02 9.999410e-01 1.073639e+02
9.999970e-01 1.265030e-03 -2.083564e-03 -7.997071e-01 -1.237816e-03 9.999147e-01 1.301036e-02 -1.662289e+00 2.099843e-03 -1.300774e-02 9.999133e-01 1.100172e+02
9.999969e-01 2.469145e-03 -4.000244e-04 -8.156867e-01 -2.465119e-03 9.999493e-01 9.766809e-03 -1.690895e+00 4.241182e-04 -9.765793e-03 9.999523e-01 1.126460e+02
9.999650e-01 8.079553e-03 2.184536e-03 -8.434466e-01 -8.096536e-03 9.999362e-01 7.881465e-03 -1.719838e+00 -2.120720e-03 -7.898876e-03 9.999666e-01 1.153078e+02
9.999553e-01 8.275691e-03 4.581972e-03 -8.580513e-01 -8.331441e-03 9.998899e-01 1.228525e-02 -1.745733e+00 -4.479799e-03 -1.232288e-02 9.999141e-01 1.179761e+02
9.999545e-01 7.871397e-03 5.395368e-03 -8.583079e-01 -7.940339e-03 9.998856e-01 1.287827e-02 -1.761783e+00 -5.293382e-03 -1.292052e-02 9.999026e-01 1.193184e+02
9.999194e-01 1.008045e-02 7.721603e-03 -8.602476e-01 -1.017218e-02 9.998771e-01 1.193380e-02 -1.780680e+00 -7.600357e-03 -1.201138e-02 9.998991e-01 1.219636e+02
9.998738e-01 1.230954e-02 1.004475e-02 -8.627714e-01 -1.241859e-02 9.998639e-01 1.086765e-02 -1.803489e+00 -9.909604e-03 -1.099102e-02 9.998906e-01 1.246476e+02
9.998489e-01 1.347755e-02 1.097617e-02 -8.507692e-01 -1.358858e-02 9.998567e-01 1.010450e-02 -1.818868e+00 -1.083841e-02 -1.025213e-02 9.998888e-01 1.259948e+02
9.998380e-01 1.244770e-02 1.299885e-02 -8.518016e-01 -1.258989e-02 9.998612e-01 1.091444e-02 -1.851597e+00 -1.286118e-02 -1.107633e-02 9.998560e-01 1.286485e+02
9.998520e-01 9.921460e-03 1.405689e-02 -8.322589e-01 -1.009518e-02 9.998729e-01 1.234182e-02 -1.871092e+00 -1.393265e-02 -1.248190e-02 9.998251e-01 1.313125e+02
9.998599e-01 9.175926e-03 1.400244e-02 -8.127539e-01 -9.352527e-03 9.998769e-01 1.259936e-02 -1.888180e+00 -1.388510e-02 -1.272855e-02 9.998227e-01 1.326615e+02
9.998952e-01 5.887926e-03 1.322868e-02 -7.965513e-01 -6.062287e-03 9.998948e-01 1.317947e-02 -1.907758e+00 -1.314969e-02 -1.325828e-02 9.998257e-01 1.353454e+02
9.999158e-01 5.123322e-03 1.191946e-02 -7.849399e-01 -5.281328e-03 9.998982e-01 1.326277e-02 -1.923435e+00 -1.185030e-02 -1.332460e-02 9.998411e-01 1.366705e+02
9.999527e-01 1.414005e-03 9.619093e-03 -7.693770e-01 -1.552443e-03 9.998952e-01 1.439999e-02 -1.939785e+00 -9.597724e-03 -1.441424e-02 9.998501e-01 1.393629e+02
9.999637e-01 1.814574e-04 8.520675e-03 -7.627920e-01 -3.031909e-04 9.998979e-01 1.428791e-02 -1.948040e+00 -8.517213e-03 -1.428998e-02 9.998617e-01 1.407062e+02
9.999812e-01 -7.137623e-04 6.082647e-03 -7.633980e-01 6.324946e-04 9.999107e-01 1.335232e-02 -1.962175e+00 -6.091635e-03 -1.334822e-02 9.998924e-01 1.434008e+02
9.999862e-01 -8.383551e-04 5.192010e-03 -7.543126e-01 7.785019e-04 9.999334e-01 1.151957e-02 -1.982128e+00 -5.201323e-03 -1.151537e-02 9.999202e-01 1.447283e+02
9.998998e-01 -1.375188e-02 3.342757e-03 -7.439991e-01 1.370589e-02 9.998162e-01 1.341208e-02 -2.007110e+00 -3.526585e-03 -1.336492e-02 9.999045e-01 1.474215e+02
9.997677e-01 -2.149716e-02 1.534551e-03 -7.276869e-01 2.147201e-02 9.996590e-01 1.486367e-02 -2.016003e+00 -1.853555e-03 -1.482726e-02 9.998884e-01 1.487542e+02
9.997523e-01 -2.223300e-02 1.021682e-03 -7.369555e-01 2.222283e-02 9.997119e-01 9.075416e-03 -2.048873e+00 -1.223163e-03 -9.050464e-03 9.999584e-01 1.514350e+02
9.998167e-01 -1.906623e-02 1.715188e-03 -7.401888e-01 1.905441e-02 9.997963e-01 6.660507e-03 -2.063476e+00 -1.841830e-03 -6.626605e-03 9.999764e-01 1.527705e+02
9.998341e-01 -1.801306e-02 2.705723e-03 -7.451396e-01 1.799356e-02 9.998132e-01 7.065759e-03 -2.087355e+00 -2.832494e-03 -7.015901e-03 9.999715e-01 1.541184e+02
9.995999e-01 -2.805915e-02 3.556294e-03 -7.429228e-01 2.800978e-02 9.995200e-01 1.324390e-02 -2.109228e+00 -3.926201e-03 -1.313899e-02 9.999061e-01 1.568183e+02
9.994868e-01 -3.182952e-02 3.613960e-03 -7.294267e-01 3.177366e-02 9.993887e-01 1.458420e-02 -2.119969e+00 -4.075961e-03 -1.446189e-02 9.998872e-01 1.581668e+02
9.994690e-01 -3.227210e-02 4.502988e-03 -7.281474e-01 3.219918e-02 9.993625e-01 1.542305e-02 -2.134698e+00 -4.997853e-03 -1.526987e-02 9.998710e-01 1.608820e+02
9.995655e-01 -2.895635e-02 5.506564e-03 -7.364179e-01 2.887145e-02 9.994718e-01 1.492008e-02 -2.141315e+00 -5.935688e-03 -1.475462e-02 9.998736e-01 1.622121e+02
9.996884e-01 -2.406650e-02 6.620007e-03 -7.395165e-01 2.397865e-02 9.996274e-01 1.304521e-02 -2.155536e+00 -6.931494e-03 -1.288241e-02 9.998931e-01 1.635550e+02
9.997512e-01 -2.097290e-02 7.589333e-03 -7.464298e-01 2.086907e-02 9.996910e-01 1.351034e-02 -2.163416e+00 -7.870340e-03 -1.334860e-02 9.998800e-01 1.662845e+02
9.997776e-01 -1.973608e-02 7.430091e-03 -7.398407e-01 1.963376e-02 9.997148e-01 1.360056e-02 -2.172325e+00 -7.696395e-03 -1.345165e-02 9.998800e-01 1.676333e+02
9.998709e-01 -1.468745e-02 6.509063e-03 -7.458088e-01 1.462978e-02 9.998541e-01 8.821954e-03 -2.193682e+00 -6.637686e-03 -8.725589e-03 9.999400e-01 1.703449e+02
9.999504e-01 -7.761798e-03 6.245847e-03 -7.497486e-01 7.714439e-03 9.999416e-01 7.571534e-03 -2.218292e+00 -6.304252e-03 -7.522975e-03 9.999519e-01 1.716948e+02
9.999713e-01 -4.228024e-03 6.287061e-03 -7.603735e-01 4.175836e-03 9.999570e-01 8.291240e-03 -2.228224e+00 -6.321847e-03 -8.264749e-03 9.999459e-01 1.730929e+02
9.999749e-01 -5.094247e-04 7.071575e-03 -7.674271e-01 4.192830e-04 9.999188e-01 1.274290e-02 -2.253178e+00 -7.077493e-03 -1.273962e-02 9.998939e-01 1.758389e+02
9.999781e-01 -2.183325e-03 6.248860e-03 -7.611435e-01 2.096044e-03 9.999007e-01 1.394048e-02 -2.267823e+00 -6.278677e-03 -1.392708e-02 9.998834e-01 1.772377e+02
9.999798e-01 -4.330461e-03 4.657734e-03 -7.636630e-01 4.265587e-03 9.998951e-01 1.384951e-02 -2.274744e+00 -4.717221e-03 -1.382936e-02 9.998933e-01 1.786250e+02
9.999844e-01 -4.930955e-03 2.625394e-03 -7.651839e-01 4.903886e-03 9.999358e-01 1.021964e-02 -2.290444e+00 -2.675619e-03 -1.020660e-02 9.999444e-01 1.799994e+02
9.999975e-01 -1.928984e-03 1.087300e-03 -7.709478e-01 1.922346e-03 9.999798e-01 6.074758e-03 -2.311929e+00 -1.098997e-03 -6.072653e-03 9.999810e-01 1.813874e+02
9.999969e-01 2.425232e-03 4.926195e-04 -7.900342e-01 -2.427648e-03 9.999848e-01 4.966499e-03 -2.327441e+00 -4.805686e-04 -4.967679e-03 9.999876e-01 1.827613e+02
9.999776e-01 6.688009e-03 3.972690e-04 -8.084416e-01 -6.690383e-03 9.999578e-01 6.312268e-03 -2.341465e+00 -3.550372e-04 -6.314784e-03 9.999801e-01 1.841586e+02
9.999810e-01 6.127641e-03 6.583405e-04 -8.303310e-01 -6.135026e-03 9.999107e-01 1.187441e-02 -2.357657e+00 -5.855211e-04 -1.187823e-02 9.999294e-01 1.869375e+02
9.999809e-01 6.091598e-03 1.019621e-03 -8.357685e-01 -6.104185e-03 9.998991e-01 1.283502e-02 -2.362997e+00 -9.413336e-04 -1.284100e-02 9.999172e-01 1.883405e+02
9.999872e-01 4.978723e-03 9.408259e-04 -8.406265e-01 -4.991049e-03 9.998953e-01 1.358894e-02 -2.376306e+00 -8.730733e-04 -1.359346e-02 9.999073e-01 1.897541e+02
9.999987e-01 8.608536e-04 1.354479e-03 -8.500088e-01 -8.804405e-04 9.998941e-01 1.452846e-02 -2.399486e+00 -1.341830e-03 -1.452963e-02 9.998936e-01 1.925635e+02
9.999930e-01 -3.315040e-03 1.713720e-03 -8.487059e-01 3.287932e-03 9.998732e-01 1.558714e-02 -2.399573e+00 -1.765176e-03 -1.558140e-02 9.998771e-01 1.939738e+02
9.999752e-01 -6.716205e-03 2.112634e-03 -8.464635e-01 6.679407e-03 9.998338e-01 1.696846e-02 -2.408488e+00 -2.226248e-03 -1.695393e-02 9.998539e-01 1.954047e+02
9.999429e-01 -1.039216e-02 2.478096e-03 -8.412554e-01 1.034800e-02 9.997984e-01 1.721338e-02 -2.413506e+00 -2.656482e-03 -1.718675e-02 9.998488e-01 1.968178e+02
9.999950e-01 -6.722147e-05 3.171587e-03 -8.649815e-01 4.108525e-05 9.999661e-01 8.240595e-03 -2.440116e+00 -3.172035e-03 -8.240423e-03 9.999611e-01 1.996876e+02
9.999471e-01 9.310563e-03 4.381987e-03 -8.874847e-01 -9.344672e-03 9.999257e-01 7.829286e-03 -2.445338e+00 -4.308767e-03 -7.869819e-03 9.999598e-01 2.011114e+02
9.998425e-01 1.650437e-02 6.521371e-03 -9.077539e-01 -1.659392e-02 9.997654e-01 1.392417e-02 -2.461334e+00 -6.290032e-03 -1.403019e-02 9.998819e-01 2.039873e+02
9.999225e-01 1.157440e-02 4.582904e-03 -8.978510e-01 -1.164051e-02 9.998246e-01 1.467308e-02 -2.472375e+00 -4.412269e-03 -1.472529e-02 9.998819e-01 2.068788e+02
9.999461e-01 9.728813e-03 3.625733e-03 -8.961750e-01 -9.780083e-03 9.998485e-01 1.440241e-02 -2.484686e+00 -3.485067e-03 -1.443709e-02 9.998898e-01 2.083068e+02
9.999233e-01 1.198035e-02 3.154463e-03 -9.018278e-01 -1.202312e-02 9.998311e-01 1.390592e-02 -2.502019e+00 -2.987334e-03 -1.394278e-02 9.998984e-01 2.112200e+02
9.999112e-01 1.304022e-02 2.745190e-03 -9.139950e-01 -1.307926e-02 9.998062e-01 1.471833e-02 -2.511405e+00 -2.552729e-03 -1.475293e-02 9.998880e-01 2.126942e+02
9.999257e-01 1.192558e-02 2.516285e-03 -9.210415e-01 -1.196163e-02 9.998185e-01 1.483594e-02 -2.519208e+00 -2.338902e-03 -1.486494e-02 9.998869e-01 2.141550e+02
9.999353e-01 1.123591e-02 1.770191e-03 -9.346583e-01 -1.125852e-02 9.998478e-01 1.333012e-02 -2.537564e+00 -1.620147e-03 -1.334919e-02 9.999097e-01 2.170858e+02
9.999232e-01 1.233831e-02 1.172195e-03 -9.447755e-01 -1.235287e-02 9.998346e-01 1.335513e-02 -2.554567e+00 -1.007222e-03 -1.336859e-02 9.999102e-01 2.200409e+02
9.999092e-01 1.346234e-02 5.366528e-04 -9.600518e-01 -1.346822e-02 9.998233e-01 1.312130e-02 -2.573457e+00 -3.599160e-04 -1.312734e-02 9.999138e-01 2.230019e+02
9.999049e-01 1.378760e-02 1.605829e-04 -9.742798e-01 -1.378852e-02 9.998188e-01 1.312918e-02 -2.585968e+00 2.046459e-05 -1.313015e-02 9.999139e-01 2.244861e+02
9.999019e-01 1.400637e-02 -6.563990e-05 -9.759643e-01 -1.400427e-02 9.998138e-01 1.327885e-02 -2.594833e+00 2.516147e-04 -1.327663e-02 9.999119e-01 2.259568e+02
9.999210e-01 1.256945e-02 -2.767149e-04 -9.986198e-01 -1.256464e-02 9.998322e-01 1.333731e-02 -2.613343e+00 4.443096e-04 -1.333278e-02 9.999111e-01 2.289263e+02
9.999553e-01 9.458237e-03 -1.334345e-04 -1.016962e+00 -9.455315e-03 9.998507e-01 1.446593e-02 -2.635214e+00 2.702352e-04 -1.446402e-02 9.998954e-01 2.319233e+02
9.999599e-01 8.957767e-03 -1.409858e-04 -1.020781e+00 -8.954665e-03 9.998486e-01 1.492158e-02 -2.641153e+00 2.746269e-04 -1.491972e-02 9.998887e-01 2.334196e+02
9.999397e-01 1.097434e-02 2.395938e-04 -1.049701e+00 -1.097664e-02 9.998372e-01 1.432395e-02 -2.660020e+00 -8.236040e-05 -1.432572e-02 9.998975e-01 2.364171e+02
9.999286e-01 1.194033e-02 3.814847e-04 -1.069752e+00 -1.194474e-02 9.998143e-01 1.512397e-02 -2.671657e+00 -2.008302e-04 -1.512745e-02 9.998856e-01 2.379384e+02
9.999465e-01 1.022395e-02 1.557589e-03 -1.086887e+00 -1.025028e-02 9.997862e-01 1.795866e-02 -2.675023e+00 -1.373649e-03 -1.797366e-02 9.998376e-01 2.409613e+02
9.999398e-01 1.079323e-02 1.982206e-03 -1.095572e+00 -1.082470e-02 9.998033e-01 1.662115e-02 -2.678884e+00 -1.802422e-03 -1.664161e-02 9.998600e-01 2.424928e+02
9.999313e-01 1.144119e-02 2.551002e-03 -1.099722e+00 -1.147894e-02 9.998170e-01 1.530862e-02 -2.685444e+00 -2.375388e-03 -1.533685e-02 9.998796e-01 2.440009e+02
9.999304e-01 1.144780e-02 2.855954e-03 -1.111452e+00 -1.149441e-02 9.997916e-01 1.687522e-02 -2.693052e+00 -2.662176e-03 -1.690687e-02 9.998536e-01 2.470437e+02
9.999338e-01 1.122699e-02 2.533015e-03 -1.111039e+00 -1.126999e-02 9.997807e-01 1.765120e-02 -2.699225e+00 -2.334292e-03 -1.767858e-02 9.998411e-01 2.485591e+02
9.999069e-01 1.346401e-02 2.194228e-03 -1.131183e+00 -1.350152e-02 9.997454e-01 1.808458e-02 -2.707921e+00 -1.950180e-03 -1.811252e-02 9.998341e-01 2.516103e+02
9.998765e-01 1.550258e-02 2.558911e-03 -1.143857e+00 -1.554728e-02 9.997083e-01 1.848419e-02 -2.712401e+00 -2.271613e-03 -1.852169e-02 9.998260e-01 2.546907e+02
9.999022e-01 1.379303e-02 2.324951e-03 -1.146436e+00 -1.383441e-02 9.997270e-01 1.883417e-02 -2.717542e+00 -2.064537e-03 -1.886450e-02 9.998200e-01 2.562493e+02
9.999201e-01 1.246704e-02 2.089532e-03 -1.156556e+00 -1.250598e-02 9.997259e-01 1.979662e-02 -2.716378e+00 -1.842156e-03 -1.982117e-02 9.998019e-01 2.577943e+02
9.999728e-01 7.186657e-03 1.629267e-03 -1.162699e+00 -7.218111e-03 9.997699e-01 2.020112e-02 -2.718760e+00 -1.483715e-03 -2.021233e-02 9.997947e-01 2.608377e+02
9.999706e-01 7.504675e-03 1.545862e-03 -1.162750e+00 -7.533053e-03 9.997863e-01 1.925286e-02 -2.728328e+00 -1.401046e-03 -1.926394e-02 9.998135e-01 2.623653e+02
9.999969e-01 8.897748e-04 2.310781e-03 -1.170406e+00 -9.427465e-04 9.997345e-01 2.302544e-02 -2.713690e+00 -2.289682e-03 -2.302755e-02 9.997323e-01 2.654434e+02
9.999966e-01 6.627879e-04 2.511836e-03 -1.176195e+00 -7.194347e-04 9.997440e-01 2.261920e-02 -2.720069e+00 -2.496202e-03 -2.262093e-02 9.997411e-01 2.669772e+02
9.999958e-01 4.400309e-04 2.873090e-03 -1.167202e+00 -5.020558e-04 9.997661e-01 2.162386e-02 -2.720551e+00 -2.862904e-03 -2.162521e-02 9.997621e-01 2.685172e+02
9.999859e-01 2.715402e-03 4.557954e-03 -1.184067e+00 -2.814136e-03 9.997585e-01 2.179743e-02 -2.714344e+00 -4.497665e-03 -2.180995e-02 9.997521e-01 2.715783e+02
9.999784e-01 3.911031e-03 5.275118e-03 -1.191390e+00 -4.023667e-03 9.997605e-01 2.151372e-02 -2.713635e+00 -5.189715e-03 -2.153448e-02 9.997547e-01 2.731308e+02
9.999620e-01 5.331923e-03 6.902828e-03 -1.205649e+00 -5.477963e-03 9.997579e-01 2.131362e-02 -2.707401e+00 -6.787515e-03 -2.135062e-02 9.997491e-01 2.762369e+02
9.999452e-01 5.706610e-03 8.771528e-03 -1.203080e+00 -5.884639e-03 9.997745e-01 2.040648e-02 -2.711158e+00 -8.653099e-03 -2.045698e-02 9.997534e-01 2.793282e+02
9.999392e-01 5.290667e-03 9.673064e-03 -1.196859e+00 -5.489455e-03 9.997719e-01 2.064106e-02 -2.715389e+00 -9.561654e-03 -2.069290e-02 9.997402e-01 2.808649e+02
9.999371e-01 3.968659e-03 1.048817e-02 -1.181831e+00 -4.197183e-03 9.997523e-01 2.185750e-02 -2.711143e+00 -1.039883e-02 -2.190015e-02 9.997062e-01 2.824082e+02
9.999356e-01 2.178735e-03 1.113348e-02 -1.158931e+00 -2.401527e-03 9.997964e-01 2.003710e-02 -2.713630e+00 -1.108756e-02 -2.006254e-02 9.997373e-01 2.854904e+02
9.999382e-01 2.919592e-03 1.072381e-02 -1.152614e+00 -3.113084e-03 9.998319e-01 1.807121e-02 -2.716418e+00 -1.066925e-02 -1.810348e-02 9.997793e-01 2.870202e+02
9.999472e-01 3.139868e-03 9.785845e-03 -1.149103e+00 -3.315699e-03 9.998325e-01 1.800384e-02 -2.718007e+00 -9.727677e-03 -1.803534e-02 9.997901e-01 2.885737e+02
9.999672e-01 1.772663e-03 7.901118e-03 -1.134960e+00 -1.913912e-03 9.998379e-01 1.790566e-02 -2.725845e+00 -7.868097e-03 -1.792019e-02 9.998085e-01 2.916804e+02
9.999656e-01 2.588011e-03 7.884326e-03 -1.133876e+00 -2.726184e-03 9.998421e-01 1.756519e-02 -2.731959e+00 -7.837623e-03 -1.758608e-02 9.998147e-01 2.932606e+02
9.999792e-01 2.024214e-03 6.116592e-03 -1.140179e+00 -2.135504e-03 9.998313e-01 1.824375e-02 -2.737249e+00 -6.078633e-03 -1.825644e-02 9.998149e-01 2.963874e+02
9.999841e-01 1.728698e-03 5.370423e-03 -1.126481e+00 -1.834175e-03 9.998043e-01 1.969825e-02 -2.736234e+00 -5.335321e-03 -1.970778e-02 9.997916e-01 2.979508e+02
9.999818e-01 2.454412e-03 5.505556e-03 -1.126323e+00 -2.571457e-03 9.997687e-01 2.135447e-02 -2.730343e+00 -5.451871e-03 -2.136824e-02 9.997569e-01 3.011055e+02
9.999692e-01 4.123118e-03 6.684852e-03 -1.123900e+00 -4.263703e-03 9.997672e-01 2.115455e-02 -2.728939e+00 -6.596075e-03 -2.118240e-02 9.997539e-01 3.026868e+02
9.999720e-01 2.825581e-03 6.934093e-03 -1.126895e+00 -2.972179e-03 9.997704e-01 2.122352e-02 -2.723786e+00 -6.872533e-03 -2.124353e-02 9.997508e-01 3.042896e+02
9.999725e-01 7.413732e-04 7.380511e-03 -1.118228e+00 -8.910506e-04 9.997936e-01 2.029772e-02 -2.720757e+00 -7.363941e-03 -2.030374e-02 9.997668e-01 3.058916e+02
9.999687e-01 -9.598413e-04 7.851142e-03 -1.104318e+00 8.207011e-04 9.998430e-01 1.770657e-02 -2.720804e+00 -7.866905e-03 -1.769957e-02 9.998125e-01 3.090952e+02
9.999836e-01 -2.763108e-04 5.723399e-03 -1.107381e+00 1.790089e-04 9.998556e-01 1.699455e-02 -2.726965e+00 -5.727270e-03 -1.699325e-02 9.998393e-01 3.107056e+02
9.999933e-01 9.165935e-04 3.545895e-03 -1.108007e+00 -9.788223e-04 9.998449e-01 1.758823e-02 -2.727482e+00 -3.529225e-03 -1.759158e-02 9.998391e-01 3.123200e+02
9.999937e-01 2.346131e-04 3.534764e-03 -1.120396e+00 -3.190484e-04 9.997142e-01 2.390599e-02 -2.718345e+00 -3.528147e-03 -2.390696e-02 9.997080e-01 3.155584e+02
9.999919e-01 -2.823895e-04 4.003737e-03 -1.127609e+00 1.828438e-04 9.996914e-01 2.484221e-02 -2.709179e+00 -4.009518e-03 -2.484128e-02 9.996834e-01 3.171974e+02
9.999880e-01 -2.106383e-03 4.433052e-03 -1.121748e+00 1.999690e-03 9.997115e-01 2.393618e-02 -2.697421e+00 -4.482193e-03 -2.392703e-02 9.997037e-01 3.204497e+02
9.999874e-01 -2.159509e-03 4.540292e-03 -1.122753e+00 2.048355e-03 9.997016e-01 2.434583e-02 -2.692010e+00 -4.591514e-03 -2.433622e-02 9.996934e-01 3.220889e+02
9.999833e-01 -7.144989e-04 5.726466e-03 -1.125388e+00 5.778762e-04 9.997160e-01 2.382464e-02 -2.684422e+00 -5.741864e-03 -2.382093e-02 9.996998e-01 3.253343e+02
9.999803e-01 1.232140e-05 6.280759e-03 -1.130374e+00 -1.582496e-04 9.997301e-01 2.323445e-02 -2.681635e+00 -6.278778e-03 -2.323499e-02 9.997104e-01 3.269566e+02
9.999722e-01 -2.124659e-03 7.141422e-03 -1.108021e+00 1.937354e-03 9.996566e-01 2.613368e-02 -2.670845e+00 -7.194496e-03 -2.611912e-02 9.996330e-01 3.301911e+02
9.999711e-01 -1.851032e-03 7.367858e-03 -1.104368e+00 1.663074e-03 9.996751e-01 2.543556e-02 -2.668995e+00 -7.412548e-03 -2.542257e-02 9.996494e-01 3.334324e+02
9.999756e-01 -5.658579e-04 6.962454e-03 -1.105950e+00 4.020666e-04 9.997237e-01 2.350411e-02 -2.648184e+00 -6.973831e-03 -2.350074e-02 9.996996e-01 3.350422e+02
9.999795e-01 2.704681e-03 5.797035e-03 -1.116717e+00 -2.830300e-03 9.997590e-01 2.177233e-02 -2.651706e+00 -5.736752e-03 -2.178829e-02 9.997462e-01 3.382644e+02
9.999808e-01 4.491976e-03 4.273388e-03 -1.126293e+00 -4.608240e-03 9.996085e-01 2.759780e-02 -2.638586e+00 -4.147748e-03 -2.761696e-02 9.996101e-01 3.414799e+02
9.999866e-01 4.994592e-03 1.330355e-03 -1.142924e+00 -5.027215e-03 9.996554e-01 2.576654e-02 -2.626823e+00 -1.201204e-03 -2.577288e-02 9.996672e-01 3.446864e+02
9.999972e-01 1.772466e-03 -1.579906e-03 -1.158495e+00 -1.727730e-03 9.996099e-01 2.787975e-02 -2.613951e+00 1.628704e-03 -2.787694e-02 9.996101e-01 3.478780e+02
9.999966e-01 1.229784e-03 -2.289283e-03 -1.178226e+00 -1.168446e-03 9.996454e-01 2.660376e-02 -2.599260e+00 2.321186e-03 -2.660100e-02 9.996435e-01 3.510731e+02
9.999976e-01 -4.009982e-04 -2.134155e-03 -1.214292e+00 4.565075e-04 9.996600e-01 2.607263e-02 -2.577324e+00 2.122973e-03 -2.607354e-02 9.996579e-01 3.558496e+02
9.999981e-01 -5.239780e-04 -1.854733e-03 -1.224140e+00 5.711893e-04 9.996736e-01 2.554527e-02 -2.573638e+00 1.840741e-03 -2.554628e-02 9.996720e-01 3.574311e+02
9.999983e-01 -8.613909e-04 -1.640907e-03 -1.249551e+00 9.019895e-04 9.996895e-01 2.490268e-02 -2.552731e+00 1.618945e-03 -2.490412e-02 9.996886e-01 3.606136e+02
9.999918e-01 -3.558068e-03 -1.953167e-03 -1.270025e+00 3.606780e-03 9.996676e-01 2.552969e-02 -2.537140e+00 1.861680e-03 -2.553652e-02 9.996722e-01 3.637998e+02
9.999827e-01 -5.621211e-03 -1.717977e-03 -1.294794e+00 5.664328e-03 9.996403e-01 2.621712e-02 -2.530168e+00 1.569985e-03 -2.622640e-02 9.996549e-01 3.669833e+02
9.999953e-01 -2.820520e-03 -1.189345e-03 -1.324105e+00 2.851076e-03 9.996442e-01 2.652256e-02 -2.507010e+00 1.114113e-03 -2.652582e-02 9.996476e-01 3.701689e+02
9.999986e-01 -1.674753e-03 1.607278e-04 -1.337858e+00 1.669733e-03 9.996246e-01 2.734803e-02 -2.497036e+00 -2.064702e-04 -2.734773e-02 9.996260e-01 3.717781e+02
9.999990e-01 -1.358881e-03 4.141111e-04 -1.353819e+00 1.347282e-03 9.996391e-01 2.683163e-02 -2.478099e+00 -4.504242e-04 -2.683104e-02 9.996400e-01 3.749749e+02
9.999994e-01 -5.861262e-04 8.909772e-04 -1.372942e+00 5.621259e-04 9.996433e-01 2.670452e-02 -2.458895e+00 -9.063131e-04 -2.670401e-02 9.996431e-01 3.781859e+02
9.999973e-01 1.738761e-03 1.541462e-03 -1.392902e+00 -1.780450e-03 9.996211e-01 2.747034e-02 -2.433743e+00 -1.493115e-03 -2.747301e-02 9.996215e-01 3.813988e+02
9.999944e-01 2.852876e-03 1.744785e-03 -1.400324e+00 -2.899287e-03 9.996258e-01 2.720306e-02 -2.426785e+00 -1.666526e-03 -2.720797e-02 9.996285e-01 3.830144e+02
9.999823e-01 5.330021e-03 2.633965e-03 -1.418996e+00 -5.398817e-03 9.996252e-01 2.684167e-02 -2.411541e+00 -2.489912e-03 -2.685541e-02 9.996363e-01 3.862404e+02
9.999725e-01 6.517508e-03 3.533526e-03 -1.429602e+00 -6.612185e-03 9.996005e-01 2.748003e-02 -2.397634e+00 -3.353014e-03 -2.750264e-02 9.996162e-01 3.878610e+02
9.999591e-01 8.207882e-03 3.798124e-03 -1.441662e+00 -8.309977e-03 9.995819e-01 2.769486e-02 -2.377935e+00 -3.569221e-03 -2.772529e-02 9.996093e-01 3.911034e+02
