1.000000e+00 8.137513e-10 -7.656116e-10 -2.139042e-10 8.137513e-10 1.000000e+00 6.754230e-11 4.506439e-09 -7.656116e-10 6.754230e-11 1.000000e+00 2.697696e-08
9.999999e-01 -3.501859e-04 -1.785373e-04 -3.081259e-03 3.504383e-04 9.999990e-01 1.406065e-03 -2.693640e-02 1.780432e-04 -1.406128e-03 9.999991e-01 1.307709e+00
9.999963e-01 -2.643088e-03 -6.063860e-04 -1.773547e-02 2.643786e-03 9.999959e-01 1.150935e-03 -7.833542e-02 6.033399e-04 -1.152534e-03 9.999992e-01 3.939820e+00
9.999956e-01 -2.949179e-03 -1.217043e-04 -2.355822e-02 2.949300e-03 9.999952e-01 9.912277e-04 -1.028128e-01 1.187788e-04 -9.915822e-04 9.999996e-01 5.243107e+00
9.999946e-01 -3.237823e-03 -5.640697e-04 -3.606244e-02 3.238875e-03 9.999931e-01 1.870768e-03 -1.206743e-01 5.580070e-04 -1.872585e-03 9.999982e-01 6.570603e+00
9.999895e-01 -4.560366e-03 -5.163417e-04 -4.246234e-02 4.562061e-03 9.999841e-01 3.326346e-03 -1.514384e-01 5.011626e-04 -3.328666e-03 9.999944e-01 7.907780e+00
9.999891e-01 -4.659335e-03 -3.388999e-04 -5.093404e-02 4.660610e-03 9.999817e-01 3.861391e-03 -1.708185e-01 3.209006e-04 -3.862928e-03 9.999926e-01 9.230301e+00
9.999995e-01 -6.209628e-04 -7.903299e-04 -7.778886e-02 6.213522e-04 9.999997e-01 4.904242e-04 -2.190830e-01 7.900236e-04 -4.909149e-04 9.999996e-01 1.188646e+01
9.999960e-01 2.667334e-03 -9.332713e-04 -9.266970e-02 -2.667833e-03 9.999964e-01 -5.355152e-04 -2.483613e-01 9.318379e-04 5.380030e-04 9.999995e-01 1.323356e+01
9.999857e-01 5.288599e-03 -7.594475e-04 -1.061690e-01 -5.288993e-03 9.999859e-01 -5.210290e-04 -2.709901e-01 7.566797e-04 5.250385e-04 9.999997e-01 1.456675e+01
9.999927e-01 3.806558e-03 -3.218580e-04 -1.248033e-01 -3.805560e-03 9.999882e-01 3.041347e-03 -3.228750e-01 3.334297e-04 -3.040100e-03 9.999954e-01 1.727570e+01
9.999999e-01 -3.295899e-04 2.683263e-04 -1.274631e-01 3.282347e-04 9.999873e-01 5.040818e-03 -3.443745e-01 -2.699858e-04 -5.040729e-03 9.999873e-01 1.861772e+01
9.999971e-01 -2.381733e-03 -3.971457e-04 -1.332518e-01 2.383112e-03 9.999911e-01 3.504325e-03 -3.755112e-01 3.887942e-04 -3.505262e-03 9.999939e-01 1.997582e+01
9.999953e-01 -3.064578e-03 2.562454e-05 -1.339865e-01 3.064549e-03 9.999948e-01 1.106992e-03 -3.944712e-01 -2.901840e-05 -1.106908e-03 9.999995e-01 2.131990e+01
9.999983e-01 1.625557e-03 8.840002e-04 -1.615149e-01 -1.626924e-03 9.999975e-01 1.549738e-03 -4.392759e-01 -8.814803e-04 -1.551173e-03 9.999985e-01 2.404795e+01
9.999969e-01 1.608521e-03 1.906371e-03 -1.664061e-01 -1.619420e-03 9.999823e-01 5.730275e-03 -4.578710e-01 -1.897122e-03 -5.733345e-03 9.999818e-01 2.541880e+01
9.999920e-01 -3.516259e-03 1.895946e-03 -1.697567e-01 3.504266e-03 9.999741e-01 6.293501e-03 -5.109282e-01 -1.918028e-03 -6.286807e-03 9.999785e-01 2.815299e+01
9.999873e-01 -4.279727e-03 2.649329e-03 -1.796078e-01 4.275022e-03 9.999893e-01 1.779888e-03 -5.563468e-01 -2.656920e-03 -1.768539e-03 9.999950e-01 3.090547e+01
9.999950e-01 -1.345414e-03 2.859888e-03 -2.045331e-01 1.343929e-03 9.999990e-01 5.216927e-04 -5.662287e-01 -2.860589e-03 -5.178465e-04 9.999959e-01 3.227533e+01
9.999944e-01 2.680598e-04 3.334487e-03 -2.109562e-01 -2.644477e-04 9.999994e-01 -1.083167e-03 -6.037291e-01 -3.334777e-03 1.082279e-03 9.999939e-01 3.366690e+01
9.999952e-01 5.884777e-04 3.025815e-03 -2.130342e-01 -5.907053e-04 9.999996e-01 7.358828e-04 -6.571930e-01 -3.025382e-03 -7.376665e-04 9.999952e-01 3.644851e+01
9.999938e-01 1.790717e-03 3.042041e-03 -2.203965e-01 -1.797557e-03 9.999959e-01 2.247780e-03 -6.782342e-01 -3.038005e-03 -2.253234e-03 9.999929e-01 3.785861e+01
9.999864e-01 4.442515e-03 2.715985e-03 -2.309813e-01 -4.449355e-03 9.999870e-01 2.518362e-03 -7.032287e-01 -2.704763e-03 -2.530412e-03 9.999932e-01 3.924623e+01
9.999719e-01 6.845279e-03 3.039589e-03 -2.353404e-01 -6.852967e-03 9.999734e-01 2.526786e-03 -7.271015e-01 -3.022213e-03 -2.547545e-03 9.999923e-01 4.064336e+01
9.999459e-01 9.990026e-03 2.885011e-03 -2.535751e-01 -9.999108e-03 9.999451e-01 3.151610e-03 -7.704272e-01 -2.853370e-03 -3.180287e-03 9.999910e-01 4.344468e+01
9.999582e-01 8.755581e-03 2.649944e-03 -2.614397e-01 -8.763837e-03 9.999568e-01 3.121026e-03 -7.954821e-01 -2.622504e-03 -3.144119e-03 9.999917e-01 4.487528e+01
9.999641e-01 8.268877e-03 1.834185e-03 -2.587236e-01 -8.273731e-03 9.999623e-01 2.655984e-03 -8.258443e-01 -1.812155e-03 -2.671064e-03 9.999949e-01 4.626650e+01
9.999691e-01 7.857925e-03 -7.289156e-05 -2.772953e-01 -7.857558e-03 9.999608e-01 4.103041e-03 -8.682888e-01 1.051285e-04 -4.102342e-03 9.999917e-01 4.909089e+01
9.999618e-01 8.699404e-03 -8.822884e-04 -2.824894e-01 -8.695528e-03 9.999530e-01 4.303762e-03 -8.951508e-01 9.196855e-04 -4.295926e-03 9.999904e-01 5.050863e+01
9.999551e-01 9.282420e-03 -1.909635e-03 -2.994117e-01 -9.273728e-03 9.999469e-01 4.510015e-03 -9.230316e-01 1.951396e-03 -4.492103e-03 9.999881e-01 5.194387e+01
9.999626e-01 7.740872e-03 -3.864884e-03 -3.245404e-01 -7.714852e-03 9.999478e-01 6.702100e-03 -9.626795e-01 3.916561e-03 -6.672032e-03 9.999702e-01 5.480435e+01
9.999714e-01 6.049571e-03 -4.528241e-03 -3.331057e-01 -6.017670e-03 9.999573e-01 7.025370e-03 -9.821983e-01 4.570547e-03 -6.997920e-03 9.999651e-01 5.621162e+01
9.999786e-01 4.204174e-03 -5.019256e-03 -3.430900e-01 -4.170821e-03 9.999693e-01 6.636632e-03 -1.007793e+00 5.047002e-03 -6.615556e-03 9.999655e-01 5.763724e+01
9.999836e-01 3.020367e-03 -4.872705e-03 -3.527476e-01 -2.987237e-03 9.999725e-01 6.791900e-03 -1.029618e+00 4.893083e-03 -6.777232e-03 9.999651e-01 5.908071e+01
9.999916e-01 -5.173245e-05 -4.103725e-03 -3.794808e-01 8.637083e-05 9.999644e-01 8.440595e-03 -1.065280e+00 4.103141e-03 -8.440878e-03 9.999560e-01 6.192784e+01
9.999902e-01 -2.185686e-03 -3.839517e-03 -3.909078e-01 2.217122e-03 9.999640e-01 8.202068e-03 -1.086226e+00 3.821450e-03 -8.210500e-03 9.999591e-01 6.334023e+01
9.999913e-01 -2.524732e-03 -3.320221e-03 -4.050231e-01 2.549476e-03 9.999689e-01 7.468861e-03 -1.110517e+00 3.301259e-03 -7.477260e-03 9.999667e-01 6.475187e+01
9.999941e-01 -2.498286e-03 -2.374622e-03 -4.229789e-01 2.515385e-03 9.999708e-01 7.224690e-03 -1.137814e+00 2.356501e-03 -7.230620e-03 9.999712e-01 6.617491e+01
9.999973e-01 -1.078772e-03 -2.035643e-03 -4.341977e-01 1.093507e-03 9.999732e-01 7.250547e-03 -1.156989e+00 2.027765e-03 -7.252753e-03 9.999717e-01 6.757725e+01
9.999865e-01 5.149446e-03 -6.787440e-04 -4.684110e-01 -5.142527e-03 9.999385e-01 9.827810e-03 -1.192248e+00 7.293085e-04 -9.824187e-03 9.999516e-01 7.041777e+01
9.999611e-01 8.810957e-03 2.919339e-04 -4.817336e-01 -8.813547e-03 9.999055e-01 1.055898e-02 -1.215028e+00 -1.988732e-04 -1.056114e-02 9.999443e-01 7.181875e+01
9.999102e-01 1.338434e-02 6.967853e-04 -4.949596e-01 -1.339081e-02 9.998574e-01 1.029076e-02 -1.230145e+00 -5.589524e-04 -1.029917e-02 9.999469e-01 7.320970e+01
9.998580e-01 1.677724e-02 1.583738e-03 -5.141593e-01 -1.679197e-02 9.998111e-01 9.797303e-03 -1.248839e+00 -1.419069e-03 -9.822505e-03 9.999508e-01 7.461044e+01
9.998253e-01 1.852149e-02 2.506504e-03 -5.332144e-01 -1.854606e-02 9.997764e-01 1.016129e-02 -1.279036e+00 -2.317743e-03 -1.020601e-02 9.999453e-01 7.739053e+01
9.998583e-01 1.666240e-02 2.400266e-03 -5.497979e-01 -1.668429e-02 9.998166e-01 9.406851e-03 -1.317523e+00 -2.243086e-03 -9.445564e-03 9.999530e-01 8.017517e+01
9.998721e-01 1.585354e-02 2.114133e-03 -5.539944e-01 -1.587288e-02 9.998292e-01 9.472909e-03 -1.336656e+00 -1.963594e-03 -9.505255e-03 9.999530e-01 8.155416e+01
9.998824e-01 1.529357e-02 1.130425e-03 -5.688991e-01 -1.530360e-02 9.998381e-01 9.467058e-03 -1.375179e+00 -9.854586e-04 -9.483244e-03 9.999546e-01 8.434237e+01
9.999050e-01 1.378029e-02 -2.121724e-04 -5.845326e-01 -1.377729e-02 9.998496e-01 1.054046e-02 -1.404269e+00 3.573896e-04 -1.053654e-02 9.999445e-01 8.705625e+01
9.999251e-01 1.215195e-02 -1.485006e-03 -5.898471e-01 -1.213379e-02 9.998582e-01 1.167922e-02 -1.425291e+00 1.626719e-03 -1.166033e-02 9.999308e-01 8.843161e+01
9.999489e-01 9.732153e-03 -2.724640e-03 -5.991490e-01 -9.697809e-03 9.998768e-01 1.234591e-02 -1.440690e+00 2.844455e-03 -1.231885e-02 9.999202e-01 8.979272e+01
9.999678e-01 7.001585e-03 -3.932301e-03 -6.273173e-01 -6.953513e-03 9.999026e-01 1.210785e-02 -1.472734e+00 4.016690e-03 -1.208012e-02 9.999190e-01 9.252934e+01
9.999725e-01 5.841620e-03 -4.572680e-03 -6.366953e-01 -5.786815e-03 9.999124e-01 1.190792e-02 -1.487869e+00 4.641839e-03 -1.188113e-02 9.999187e-01 9.389905e+01
9.999723e-01 5.596764e-03 -4.914466e-03 -6.668805e-01 -5.542629e-03 9.999246e-01 1.096045e-02 -1.516132e+00 4.975437e-03 -1.093291e-02 9.999279e-01 9.662021e+01
9.999677e-01 6.610387e-03 -4.561553e-03 -6.893270e-01 -6.562751e-03 9.999247e-01 1.037963e-02 -1.537395e+00 4.629821e-03 -1.034936e-02 9.999358e-01 9.795391e+01
9.999616e-01 7.755677e-03 -4.081449e-03 -7.035039e-01 -7.712209e-03 9.999146e-01 1.055982e-02 -1.546980e+00 4.162997e-03 -1.052794e-02 9.999360e-01 9.931146e+01
9.999522e-01 9.040322e-03 -3.710241e-03 -7.404007e-01 -8.989321e-03 9.998680e-01 1.353936e-02 -1.578957e+00 3.832149e-03 -1.350536e-02 9.999015e-01 1.020072e+02
9.999537e-01 8.812730e-03 -3.859477e-03 -7.491676e-01 -8.764254e-03 9.998847e-01 1.240177e-02 -1.596782e+00 3.968324e-03 -1.236737e-02 9.999157e-01 1.033587e+02
9.999568e-01 8.523888e-03 -3.700693e-03 -7.807823e-01 -8.490004e-03 9.999228e-01 9.076849e-03 -1.623204e+00 3.777776e-03 -9.045038e-03 9.999520e-01 1.060173e+02
9.999751e-01 6.014945e-03 -3.678146e-03 -7.844454e-01 -5.976375e-03 9.999280e-01 1.040842e-02 -1.642154e+00 3.740486e-03 -1.038617e-02 9.999391e-01 1.073419e+02
9.999961e-01 1.479189e-03 -2.383366e-03 -8.135700e-01 -1.448059e-03 9.999144e-01 1.300985e-02 -1.668667e+00 2.402405e-03 -1.300634e-02 9.999126e-01 1.099921e+02
9.999983e-01 1.043115e-03 -1.534667e-03 -8.146812e-01 -1.024363e-03 9.999255e-01 1.216845e-02 -1.682511e+00 1.547245e-03 -1.216686e-02 9.999249e-01 1.113216e+02
9.999853e-01 5.404762e-03 4.215724e-04 -8.427573e-01 -5.407946e-03 9.999537e-01 7.961406e-03 -1.714426e+00 -3.785249e-04 -7.963569e-03 9.999683e-01 1.139750e+02
9.999536e-01 8.603399e-03 4.328065e-03 -8.668348e-01 -8.656281e-03 9.998863e-01 1.235215e-02 -1.751569e+00 -4.221304e-03 -1.238905e-02 9.999144e-01 1.179619e+02
9.999397e-01 9.034185e-03 6.238248e-03 -8.748233e-01 -9.112115e-03 9.998794e-01 1.257909e-02 -1.776509e+00 -6.123855e-03 -1.263517e-02 9.999015e-01 1.206189e+02
9.999185e-01 1.035941e-02 7.459280e-03 -8.754665e-01 -1.044900e-02 9.998726e-01 1.207344e-02 -1.786648e+00 -7.333257e-03 -1.215040e-02 9.998994e-01 1.219414e+02
9.998712e-01 1.258019e-02 9.964629e-03 -8.779046e-01 -1.268918e-02 9.998596e-01 1.095098e-02 -1.805953e+00 -9.825466e-03 -1.107601e-02 9.998905e-01 1.246094e+02
9.998448e-01 1.307659e-02 1.180635e-02 -8.689648e-01 -1.319796e-02 9.998603e-01 1.026095e-02 -1.835363e+00 -1.167052e-02 -1.041518e-02 9.998777e-01 1.273009e+02
9.998358e-01 1.283429e-02 1.279343e-02 -8.676656e-01 -1.297645e-02 9.998543e-01 1.109189e-02 -1.849704e+00 -1.264921e-02 -1.125608e-02 9.998567e-01 1.286252e+02
9.998445e-01 1.136211e-02 1.348427e-02 -8.539832e-01 -1.152492e-02 9.998609e-01 1.205848e-02 -1.860672e+00 -1.334539e-02 -1.221202e-02 9.998365e-01 1.299831e+02
9.998638e-01 9.095940e-03 1.377225e-02 -8.352021e-01 -9.273285e-03 9.998743e-01 1.286847e-02 -1.888734e+00 -1.365347e-02 -1.299443e-02 9.998224e-01 1.326674e+02
9.998822e-01 7.352105e-03 1.347491e-02 -8.267593e-01 -7.534385e-03 9.998802e-01 1.352701e-02 -1.897888e+00 -1.337385e-02 -1.362694e-02 9.998178e-01 1.339984e+02
9.998981e-01 5.961142e-03 1.297180e-02 -8.170373e-01 -6.133965e-03 9.998925e-01 1.332437e-02 -1.911871e+00 -1.289097e-02 -1.340258e-02 9.998272e-01 1.353260e+02
9.999386e-01 2.880049e-03 1.070357e-02 -8.012015e-01 -3.033860e-03 9.998920e-01 1.438187e-02 -1.928050e+00 -1.066099e-02 -1.441346e-02 9.998394e-01 1.380018e+02
9.999647e-01 5.122803e-04 8.384773e-03 -7.864433e-01 -6.346832e-04 9.998932e-01 1.460229e-02 -1.945197e+00 -8.376398e-03 -1.460709e-02 9.998583e-01 1.406769e+02
9.999743e-01 1.140445e-03 7.071285e-03 -7.829995e-01 -1.241295e-03 9.998974e-01 1.427417e-02 -1.960587e+00 -7.054282e-03 -1.428258e-02 9.998732e-01 1.420212e+02
9.999824e-01 7.066298e-05 5.923834e-03 -7.865455e-01 -1.509162e-04 9.999083e-01 1.354844e-02 -1.957055e+00 -5.922334e-03 -1.354910e-02 9.998907e-01 1.433744e+02
9.999808e-01 -4.622725e-03 4.114055e-03 -7.801432e-01 4.576171e-03 9.999263e-01 1.125466e-02 -1.999425e+00 -4.165780e-03 -1.123562e-02 9.999283e-01 1.460470e+02
9.999053e-01 -1.341787e-02 3.065303e-03 -7.702067e-01 1.337464e-02 9.998166e-01 1.371231e-02 -2.003741e+00 -3.248732e-03 -1.367002e-02 9.999014e-01 1.473958e+02
9.997359e-01 -2.297971e-02 1.148097e-04 -7.565132e-01 2.297647e-02 9.996576e-01 1.252206e-02 -2.029059e+00 -4.025253e-04 -1.251612e-02 9.999217e-01 1.500939e+02
9.997735e-01 -2.126903e-02 7.326358e-04 -7.608436e-01 2.126139e-02 9.997316e-01 9.205803e-03 -2.049472e+00 -9.282391e-04 -9.188141e-03 9.999574e-01 1.514249e+02
9.998218e-01 -1.881318e-02 1.533609e-03 -7.666630e-01 1.880214e-02 9.997993e-01 6.919739e-03 -2.058903e+00 -1.663485e-03 -6.889671e-03 9.999750e-01 1.527430e+02
9.997730e-01 -2.108261e-02 3.075546e-03 -7.789268e-01 2.105008e-02 9.997259e-01 1.025103e-02 -2.092173e+00 -3.290823e-03 -1.018396e-02 9.999428e-01 1.554342e+02
9.996126e-01 -2.762158e-02 3.432028e-03 -7.650863e-01 2.757314e-02 9.995295e-01 1.343870e-02 -2.103063e+00 -3.801612e-03 -1.333886e-02 9.999039e-01 1.567946e+02
9.994617e-01 -3.263689e-02 3.324533e-03 -7.576588e-01 3.258317e-02 9.993550e-01 1.510074e-02 -2.128150e+00 -3.815231e-03 -1.498428e-02 9.998805e-01 1.595041e+02
9.994993e-01 -3.134154e-02 4.334538e-03 -7.531372e-01 3.127072e-02 9.993902e-01 1.554262e-02 -2.131977e+00 -4.819026e-03 -1.539930e-02 9.998699e-01 1.608471e+02
9.995966e-01 -2.790206e-02 5.303470e-03 -7.641399e-01 2.782034e-02 9.995019e-01 1.490418e-02 -2.138800e+00 -5.716687e-03 -1.475062e-02 9.998749e-01 1.621983e+02
9.997660e-01 -2.045867e-02 7.022317e-03 -7.799495e-01 2.037061e-02 9.997158e-01 1.239093e-02 -2.161141e+00 -7.273824e-03 -1.224499e-02 9.998987e-01 1.649123e+02
9.997724e-01 -2.002607e-02 7.351087e-03 -7.752081e-01 1.992556e-02 9.997104e-01 1.349978e-02 -2.161586e+00 -7.619306e-03 -1.335024e-02 9.998819e-01 1.662502e+02
9.997991e-01 -1.865843e-02 7.326808e-03 -7.689455e-01 1.855768e-02 9.997355e-01 1.358617e-02 -2.171924e+00 -7.578368e-03 -1.344747e-02 9.998809e-01 1.676045e+02
9.999032e-01 -1.242052e-02 6.271898e-03 -7.779020e-01 1.236619e-02 9.998864e-01 8.628920e-03 -2.196418e+00 -6.378362e-03 -8.550526e-03 9.999432e-01 1.703338e+02
9.999587e-01 -6.718610e-03 6.116250e-03 -7.782340e-01 6.671542e-03 9.999483e-01 7.684082e-03 -2.213900e+00 -6.167561e-03 -7.642960e-03 9.999519e-01 1.716899e+02
9.999769e-01 -2.683508e-03 6.236799e-03 -7.897693e-01 2.630593e-03 9.999607e-01 8.477370e-03 -2.224215e+00 -6.259304e-03 -8.460768e-03 9.999447e-01 1.730817e+02
9.999761e-01 4.195701e-04 6.899129e-03 -7.981954e-01 -5.078525e-04 9.999180e-01 1.279964e-02 -2.248203e+00 -6.893195e-03 -1.280284e-02 9.998944e-01 1.758257e+02
9.999811e-01 -9.623938e-04 6.067352e-03 -8.001490e-01 8.779993e-04 9.999031e-01 1.389723e-02 -2.265950e+00 -6.080140e-03 -1.389164e-02 9.998851e-01 1.772285e+02
9.999858e-01 -2.963798e-03 4.438734e-03 -7.969772e-01 2.901785e-03 9.998991e-01 1.391311e-02 -2.270878e+00 -4.479523e-03 -1.390003e-02 9.998934e-01 1.786207e+02
9.999915e-01 -3.278665e-03 2.486621e-03 -7.985036e-01 3.252835e-03 9.999415e-01 1.032222e-02 -2.288629e+00 -2.520320e-03 -1.031404e-02 9.999437e-01 1.799939e+02
9.999994e-01 -6.553409e-04 9.043576e-04 -8.104265e-01 6.496376e-04 9.999800e-01 6.294245e-03 -2.309169e+00 -9.084659e-04 -6.293654e-03 9.999799e-01 1.813757e+02
9.999945e-01 3.301013e-03 3.208592e-04 -8.262879e-01 -3.302612e-03 9.999815e-01 5.122628e-03 -2.321448e+00 -3.039449e-04 -5.123660e-03 9.999869e-01 1.827515e+02
9.999724e-01 7.423996e-03 2.369484e-04 -8.437433e-01 -7.425370e-03 9.999517e-01 6.454402e-03 -2.336448e+00 -1.890210e-04 -6.455983e-03 9.999792e-01 1.841432e+02
9.999661e-01 8.221290e-03 3.367728e-04 -8.500012e-01 -8.224136e-03 9.999204e-01 9.570393e-03 -2.347288e+00 -2.580666e-04 -9.572838e-03 9.999542e-01 1.855436e+02
9.999718e-01 7.445776e-03 9.336207e-04 -8.710920e-01 -7.457263e-03 9.998881e-01 1.297424e-02 -2.359519e+00 -8.369145e-04 -1.298084e-02 9.999155e-01 1.883246e+02
9.999815e-01 6.019506e-03 9.237348e-04 -8.706433e-01 -6.031530e-03 9.998891e-01 1.361965e-02 -2.372749e+00 -8.416503e-04 -1.362497e-02 9.999069e-01 1.897336e+02
9.999987e-01 1.110425e-03 1.171345e-03 -8.834507e-01 -1.127451e-03 9.998923e-01 1.463723e-02 -2.392355e+00 -1.154967e-03 -1.463853e-02 9.998923e-01 1.925646e+02
9.999952e-01 -2.700419e-03 1.512530e-03 -8.843515e-01 2.676484e-03 9.998746e-01 1.560999e-02 -2.394590e+00 -1.554496e-03 -1.560587e-02 9.998771e-01 1.939714e+02
9.999778e-01 -6.359513e-03 1.977615e-03 -8.825499e-01 6.324914e-03 9.998349e-01 1.703611e-02 -2.400848e+00 -2.085631e-03 -1.702322e-02 9.998530e-01 1.954005e+02
9.999497e-01 -9.752718e-03 2.334503e-03 -8.784055e-01 9.711525e-03 9.998075e-01 1.705069e-02 -2.406831e+00 -2.500346e-03 -1.702716e-02 9.998520e-01 1.968157e+02
9.999957e-01 1.798258e-04 2.909249e-03 -9.048550e-01 -2.038970e-04 9.999658e-01 8.276408e-03 -2.429104e+00 -2.907663e-03 -8.276966e-03 9.999616e-01 1.996631e+02
9.999461e-01 9.535534e-03 4.109117e-03 -9.242809e-01 -9.567874e-03 9.999229e-01 7.924237e-03 -2.439249e+00 -4.033239e-03 -7.963126e-03 9.999602e-01 2.011055e+02
9.998265e-01 1.750195e-02 6.370501e-03 -9.470203e-01 -1.758907e-02 9.997489e-01 1.388687e-02 -2.456745e+00 -6.125856e-03 -1.399651e-02 9.998834e-01 2.040064e+02
9.998557e-01 1.598378e-02 5.759777e-03 -9.394616e-01 -1.606561e-02 9.997665e-01 1.445368e-02 -2.461321e+00 -5.527409e-03 -1.454413e-02 9.998790e-01 2.054207e+02
9.999402e-01 1.034931e-02 3.537297e-03 -9.354641e-01 -1.039929e-02 9.998421e-01 1.441653e-02 -2.478946e+00 -3.387538e-03 -1.445245e-02 9.998899e-01 2.082986e+02
9.999370e-01 1.081763e-02 3.004577e-03 -9.366989e-01 -1.085741e-02 9.998492e-01 1.355553e-02 -2.483666e+00 -2.857487e-03 -1.358730e-02 9.999037e-01 2.097669e+02
9.999203e-01 1.225259e-02 3.049455e-03 -9.426015e-01 -1.229401e-02 9.998271e-01 1.395842e-02 -2.496490e+00 -2.877902e-03 -1.399480e-02 9.998980e-01 2.112152e+02
9.999141e-01 1.286855e-02 2.483356e-03 -9.613167e-01 -1.290398e-02 9.998070e-01 1.482105e-02 -2.514472e+00 -2.292152e-03 -1.485183e-02 9.998872e-01 2.141521e+02
9.999114e-01 1.313524e-02 2.166721e-03 -9.600447e-01 -1.316427e-02 9.998157e-01 1.397973e-02 -2.523560e+00 -1.982696e-03 -1.400701e-02 9.999000e-01 2.156084e+02
9.999222e-01 1.239057e-02 1.463911e-03 -9.740086e-01 -1.240944e-02 9.998295e-01 1.367743e-02 -2.535935e+00 -1.294192e-03 -1.369453e-02 9.999055e-01 2.185642e+02
9.999206e-01 1.254509e-02 1.161756e-03 -9.843753e-01 -1.255965e-02 9.998298e-01 1.351626e-02 -2.544342e+00 -9.919968e-04 -1.352978e-02 9.999081e-01 2.200446e+02
9.999166e-01 1.286100e-02 1.166571e-03 -9.843197e-01 -1.287546e-02 9.998277e-01 1.337820e-02 -2.556889e+00 -9.943147e-04 -1.339211e-02 9.999099e-01 2.214987e+02
9.998965e-01 1.438919e-02 1.762181e-04 -1.010535e+00 -1.439026e-02 9.998074e-01 1.334681e-02 -2.576322e+00 1.586408e-05 -1.334796e-02 9.999110e-01 2.244635e+02
9.999040e-01 1.385473e-02 -1.816300e-04 -1.016688e+00 -1.385107e-02 9.998148e-01 1.336392e-02 -2.582525e+00 3.667483e-04 -1.336012e-02 9.999108e-01 2.259354e+02
9.999231e-01 1.239807e-02 -2.838893e-04 -1.040425e+00 -1.239312e-02 9.998326e-01 1.346207e-02 -2.600116e+00 4.507438e-04 -1.345751e-02 9.999094e-01 2.289169e+02
9.999256e-01 1.219440e-02 -2.418284e-04 -1.044899e+00 -1.218989e-02 9.998300e-01 1.383718e-02 -2.616095e+00 4.105219e-04 -1.383320e-02 9.999043e-01 2.304280e+02
9.999453e-01 1.045994e-02 -2.500063e-05 -1.049488e+00 -1.045847e-02 9.998395e-01 1.455015e-02 -2.628981e+00 1.771888e-04 -1.454909e-02 9.998942e-01 2.319212e+02
9.999446e-01 1.052361e-02 -2.942736e-04 -1.079276e+00 -1.051802e-02 9.998325e-01 1.498323e-02 -2.643825e+00 4.519005e-04 -1.497931e-02 9.998878e-01 2.349351e+02
9.999338e-01 1.150673e-02 1.414618e-04 -1.089120e+00 -1.150757e-02 9.998299e-01 1.442011e-02 -2.651433e+00 2.448893e-05 -1.442078e-02 9.998961e-01 2.364181e+02
9.999196e-01 1.267335e-02 3.375493e-04 -1.104602e+00 -1.267702e-02 9.998034e-01 1.525172e-02 -2.660820e+00 -1.441941e-04 -1.525477e-02 9.998837e-01 2.379333e+02
9.999288e-01 1.188149e-02 1.103648e-03 -1.114349e+00 -1.189896e-02 9.997766e-01 1.747074e-02 -2.661058e+00 -8.958248e-04 -1.748263e-02 9.998468e-01 2.394483e+02
9.999217e-01 1.233492e-02 2.111742e-03 -1.130672e+00 -1.236807e-02 9.997877e-01 1.648123e-02 -2.669073e+00 -1.908001e-03 -1.650606e-02 9.998620e-01 2.424759e+02
9.999209e-01 1.228330e-02 2.692422e-03 -1.141995e+00 -1.232313e-02 9.998068e-01 1.531448e-02 -2.673773e+00 -2.503791e-03 -1.534645e-02 9.998792e-01 2.439991e+02
9.999182e-01 1.245578e-02 2.902937e-03 -1.153220e+00 -1.250363e-02 9.997758e-01 1.709412e-02 -2.681718e+00 -2.689366e-03 -1.712902e-02 9.998498e-01 2.470283e+02
9.999177e-01 1.257274e-02 2.553259e-03 -1.154802e+00 -1.261622e-02 9.997622e-01 1.779282e-02 -2.688968e+00 -2.328949e-03 -1.782357e-02 9.998385e-01 2.485528e+02
9.998970e-01 1.418060e-02 2.232946e-03 -1.176873e+00 -1.421878e-02 9.997346e-01 1.812760e-02 -2.695306e+00 -1.975295e-03 -1.815749e-02 9.998333e-01 2.516193e+02
9.998780e-01 1.542001e-02 2.487570e-03 -1.184796e+00 -1.546332e-02 9.997103e-01 1.844708e-02 -2.699997e+00 -2.202396e-03 -1.848329e-02 9.998268e-01 2.531451e+02
9.998678e-01 1.604503e-02 2.642445e-03 -1.186850e+00 -1.609118e-02 9.996997e-01 1.848292e-02 -2.697395e+00 -2.345094e-03 -1.852300e-02 9.998258e-01 2.546873e+02
9.999195e-01 1.247179e-02 2.337176e-03 -1.200098e+00 -1.251586e-02 9.997236e-01 1.990247e-02 -2.701624e+00 -2.088312e-03 -1.993012e-02 9.997993e-01 2.577651e+02
9.999528e-01 9.403158e-03 2.457581e-03 -1.204334e+00 -9.452537e-03 9.997365e-01 2.092012e-02 -2.709127e+00 -2.260219e-03 -2.094237e-02 9.997782e-01 2.592939e+02
9.999647e-01 8.195250e-03 1.852340e-03 -1.202893e+00 -8.229481e-03 9.997800e-01 1.929723e-02 -2.714990e+00 -1.693788e-03 -1.931179e-02 9.998122e-01 2.623592e+02
9.999937e-01 2.320479e-03 2.686591e-03 -1.211527e+00 -2.381966e-03 9.997300e-01 2.311491e-02 -2.702656e+00 -2.632230e-03 -2.312117e-02 9.997293e-01 2.654335e+02
9.999947e-01 1.310653e-03 2.969961e-03 -1.216665e+00 -1.374745e-03 9.997640e-01 2.168228e-02 -2.702235e+00 -2.940843e-03 -2.168625e-02 9.997606e-01 2.685035e+02
9.999902e-01 2.161089e-03 3.854155e-03 -1.216994e+00 -2.244114e-03 9.997627e-01 2.166952e-02 -2.701323e+00 -3.806412e-03 -2.167796e-02 9.997578e-01 2.700400e+02
9.999706e-01 5.140636e-03 5.686940e-03 -1.228213e+00 -5.261269e-03 9.997571e-01 2.140487e-02 -2.700191e+00 -5.575526e-03 -2.143416e-02 9.997548e-01 2.731279e+02
9.999532e-01 6.472744e-03 7.196496e-03 -1.240328e+00 -6.626015e-03 9.997473e-01 2.148238e-02 -2.694207e+00 -7.055629e-03 -2.152905e-02 9.997434e-01 2.762312e+02
9.999354e-01 6.911006e-03 9.025394e-03 -1.240112e+00 -7.094396e-03 9.997658e-01 2.044810e-02 -2.694980e+00 -8.881965e-03 -2.051081e-02 9.997503e-01 2.793058e+02
9.999310e-01 4.684190e-03 1.077372e-02 -1.223668e+00 -4.919364e-03 9.997480e-01 2.190674e-02 -2.694490e+00 -1.066839e-02 -2.195823e-02 9.997020e-01 2.823892e+02
9.999342e-01 3.730216e-03 1.084584e-02 -1.218233e+00 -3.972484e-03 9.997412e-01 2.240252e-02 -2.693820e+00 -1.075947e-02 -2.244413e-02 9.996903e-01 2.839419e+02
9.999346e-01 2.861129e-03 1.106977e-02 -1.209826e+00 -3.084267e-03 9.997914e-01 2.019333e-02 -2.701604e+00 -1.100969e-02 -2.022615e-02 9.997349e-01 2.854934e+02
9.999454e-01 3.393592e-03 9.884651e-03 -1.194119e+00 -3.571960e-03 9.998302e-01 1.808363e-02 -2.702289e+00 -9.821604e-03 -1.811795e-02 9.997877e-01 2.885822e+02
9.999638e-01 2.137171e-03 8.238013e-03 -1.171894e+00 -2.284569e-03 9.998368e-01 1.792493e-02 -2.707447e+00 -8.198361e-03 -1.794310e-02 9.998055e-01 2.916772e+02
9.999624e-01 2.964475e-03 8.144698e-03 -1.164412e+00 -3.108664e-03 9.998377e-01 1.774832e-02 -2.712997e+00 -8.090763e-03 -1.777297e-02 9.998094e-01 2.932445e+02
9.999764e-01 2.572031e-03 6.377344e-03 -1.163656e+00 -2.689451e-03 9.998258e-01 1.847263e-02 -2.717287e+00 -6.328722e-03 -1.848935e-02 9.998091e-01 2.963770e+02
9.999859e-01 2.665435e-03 4.591853e-03 -1.164957e+00 -2.762978e-03 9.997679e-01 2.136919e-02 -2.712302e+00 -4.533830e-03 -2.138158e-02 9.997612e-01 2.995298e+02
9.999789e-01 3.137546e-03 5.681976e-03 -1.162224e+00 -3.259748e-03 9.997609e-01 2.162727e-02 -2.709522e+00 -5.612762e-03 -2.164533e-02 9.997500e-01 3.010986e+02
9.999708e-01 3.163085e-03 6.953690e-03 -1.163672e+00 -3.311873e-03 9.997636e-01 2.149096e-02 -2.700892e+00 -6.884069e-03 -2.151336e-02 9.997449e-01 3.042716e+02
9.999724e-01 1.095563e-03 7.353130e-03 -1.161814e+00 -1.245949e-03 9.997896e-01 2.047889e-02 -2.694158e+00 -7.329148e-03 -2.048749e-02 9.997633e-01 3.058818e+02
9.999682e-01 -8.372873e-04 7.931975e-03 -1.142120e+00 6.955422e-04 9.998404e-01 1.785623e-02 -2.695240e+00 -7.945661e-03 -1.785015e-02 9.998092e-01 3.090814e+02
9.999832e-01 -4.505095e-04 5.780175e-03 -1.144432e+00 3.512362e-04 9.998527e-01 1.716460e-02 -2.700801e+00 -5.787057e-03 -1.716228e-02 9.998361e-01 3.106928e+02
9.999927e-01 1.859422e-03 3.332665e-03 -1.158389e+00 -1.928536e-03 9.997807e-01 2.085715e-02 -2.694563e+00 -3.293154e-03 -2.086343e-02 9.997770e-01 3.139234e+02
9.999932e-01 4.272414e-04 3.661317e-03 -1.163654e+00 -5.156620e-04 9.997075e-01 2.418357e-02 -2.689717e+00 -3.649915e-03 -2.418529e-02 9.997009e-01 3.155503e+02
9.999904e-01 -1.167462e-03 4.231948e-03 -1.166415e+00 1.065004e-03 9.997082e-01 2.413306e-02 -2.679775e+00 -4.258889e-03 -2.412832e-02 9.996999e-01 3.187987e+02
9.999874e-01 -1.863255e-03 4.659961e-03 -1.166384e+00 1.751058e-03 9.997113e-01 2.396632e-02 -2.669106e+00 -4.703272e-03 -2.395786e-02 9.997020e-01 3.204344e+02
9.999836e-01 -2.166480e-03 5.300072e-03 -1.159833e+00 2.035307e-03 9.996946e-01 2.463103e-02 -2.664506e+00 -5.351818e-03 -2.461984e-02 9.996826e-01 3.236896e+02
9.999782e-01 7.123591e-05 6.598353e-03 -1.169090e+00 -2.262820e-04 9.997239e-01 2.350017e-02 -2.650793e+00 -6.594858e-03 -2.350115e-02 9.997021e-01 3.269283e+02
9.999697e-01 -2.582421e-03 7.346729e-03 -1.148505e+00 2.394588e-03 9.996730e-01 2.546197e-02 -2.636839e+00 -7.410081e-03 -2.544361e-02 9.996489e-01 3.317793e+02
9.999730e-01 -4.977041e-04 7.326592e-03 -1.145605e+00 3.240285e-04 9.997194e-01 2.368718e-02 -2.614968e+00 -7.336326e-03 -2.368416e-02 9.996927e-01 3.350129e+02
9.999785e-01 2.893302e-03 5.880800e-03 -1.157898e+00 -3.021275e-03 9.997563e-01 2.187028e-02 -2.620070e+00 -5.816090e-03 -2.188758e-02 9.997436e-01 3.382381e+02
9.999795e-01 4.549756e-03 4.508478e-03 -1.157406e+00 -4.673682e-03 9.996007e-01 2.786953e-02 -2.606303e+00 -4.379879e-03 -2.789002e-02 9.996015e-01 3.414470e+02
9.999869e-01 4.816043e-03 1.717640e-03 -1.174052e+00 -4.859110e-03 9.996497e-01 2.602019e-02 -2.590989e+00 -1.591725e-03 -2.602820e-02 9.996600e-01 3.446464e+02
9.999974e-01 1.845365e-03 -1.302664e-03 -1.190095e+00 -1.808127e-03 9.996055e-01 2.802984e-02 -2.578445e+00 1.353874e-03 -2.802742e-02 9.996063e-01 3.478379e+02
9.999973e-01 1.140003e-03 -2.020916e-03 -1.208472e+00 -1.085602e-03 9.996425e-01 2.671786e-02 -2.564329e+00 2.050651e-03 -2.671559e-02 9.996411e-01 3.510362e+02
9.999985e-01 2.103906e-04 -1.741710e-03 -1.228224e+00 -1.638264e-04 9.996438e-01 2.669095e-02 -2.544876e+00 1.746704e-03 -2.669062e-02 9.996423e-01 3.542137e+02
9.999988e-01 -5.698372e-04 -1.459158e-03 -1.254364e+00 6.074742e-04 9.996638e-01 2.592335e-02 -2.536309e+00 1.443894e-03 -2.592421e-02 9.996629e-01 3.573890e+02
9.999970e-01 -1.797309e-03 -1.665820e-03 -1.293409e+00 1.837912e-03 9.996933e-01 2.470083e-02 -2.515140e+00 1.620912e-03 -2.470381e-02 9.996936e-01 3.621584e+02
9.999819e-01 -5.922945e-03 -1.024001e-03 -1.307945e+00 5.948735e-03 9.996084e-01 2.734440e-02 -2.497959e+00 8.616391e-04 -2.735000e-02 9.996256e-01 3.653389e+02
9.999902e-01 -4.406400e-03 -4.229672e-04 -1.329712e+00 4.415939e-03 9.996498e-01 2.609595e-02 -2.478564e+00 3.078283e-04 -2.609756e-02 9.996594e-01 3.685310e+02
9.999980e-01 -1.925342e-03 5.838175e-04 -1.358995e+00 1.908487e-03 9.996168e-01 2.761614e-02 -2.456658e+00 -6.367659e-04 -2.761497e-02 9.996185e-01 3.717322e+02
9.999989e-01 -1.271943e-03 7.104156e-04 -1.377454e+00 1.252251e-03 9.996329e-01 2.706542e-02 -2.439155e+00 -7.445820e-04 -2.706450e-02 9.996335e-01 3.749290e+02
9.999990e-01 -4.069968e-04 1.337584e-03 -1.393484e+00 3.706715e-04 9.996341e-01 2.704753e-02 -2.415501e+00 -1.348104e-03 -2.704701e-02 9.996333e-01 3.781362e+02
9.999963e-01 1.944142e-03 1.887454e-03 -1.412324e+00 -1.995746e-03 9.996134e-01 2.773598e-02 -2.392118e+00 -1.832803e-03 -2.773965e-02 9.996136e-01 3.813453e+02
9.999866e-01 4.171292e-03 3.063589e-03 -1.429817e+00 -4.252325e-03 9.996281e-01 2.693862e-02 -2.373720e+00 -2.950082e-03 -2.695129e-02 9.996325e-01 3.845846e+02
9.999711e-01 6.490872e-03 3.950568e-03 -1.446044e+00 -6.598762e-03 9.995879e-01 2.793946e-02 -2.351115e+00 -3.767590e-03 -2.796473e-02 9.996019e-01 3.878161e+02
9.999677e-01 7.244705e-03 3.484929e-03 -1.452426e+00 -7.340592e-03 9.995715e-01 2.833805e-02 -2.341481e+00 -3.278136e-03 -2.836272e-02 9.995924e-01 3.894356e+02
